<?xml version="1.0" encoding="utf-8"?>
<COLLADA xmlns="http://www.collada.org/2005/11/COLLADASchema" version="1.4.1">
  <asset>
    <contributor>
      <author>Mixamo</author>
      <authoring_tool>COLLADA Mixamo exporter</authoring_tool>
      <comments/>
    </contributor>
    <created>2024-04-21T07:07:19Z</created>
    <modified>2024-04-21T07:07:19Z</modified>
    <revision/>
    <title/>
    <unit meter="0.010000"/>
    <up_axis>Y_UP</up_axis>
  </asset>
  <library_animations>
    <animation id="mixamorig_Hips-anim" name="mixamorig_Hips">
      <source id="mixamorig_Hips-Matrix-animation-input">
        <float_array id="mixamorig_Hips-Matrix-animation-input-array" count="72">

0.000000 0.033333 0.066667 0.100000 0.133333 0.166667 0.200000 0.233333 0.266667 0.300000 0.333333 0.366667 0.400000 0.433333 0.466667 0.500000
0.533333 0.566667 0.600000 0.633333 0.666667 0.700000 0.733333 0.766667 0.800000 0.833333 0.866667 0.900000 0.933333 0.966667 1.000000 1.033333
1.066667 1.100000 1.133333 1.166667 1.200000 1.233333 1.266667 1.300000 1.333333 1.366667 1.400000 1.433333 1.466667 1.500000 1.533333 1.566667
1.600000 1.633333 1.666667 1.700000 1.733333 1.766667 1.800000 1.833333 1.866667 1.900000 1.933333 1.966667 2.000000 2.033333 2.066667 2.100000
2.133333 2.166667 2.200000 2.233333 2.266667 2.300000 2.333333 2.366667</float_array>
        <technique_common>
          <accessor source="#mixamorig_Hips-Matrix-animation-input-array" count="72">
            <param name="TIME" type="float"/>
          </accessor>
        </technique_common>
      </source>
      <source id="mixamorig_Hips-Matrix-animation-output-transform">
        <float_array id="mixamorig_Hips-Matrix-animation-output-transform-array" count="1152">

0.582187 -0.121236 -0.803965 -0.024747 -0.014365 0.987132 -0.159259 80.561256 0.812928 0.104267 0.572954 0.029998 0.000000 0.000000 0.000000 1.000000
0.585467 -0.123576 -0.801222 -0.064535 0.000779 0.988399 -0.151877 80.822334 0.810696 0.088295 0.578772 -0.059938 0.000000 0.000000 0.000000 1.000000
0.591945 -0.120540 -0.796914 -0.065416 0.014726 0.990206 -0.138839 81.105080 0.805844 0.070449 0.587922 -0.142474 0.000000 0.000000 0.000000 1.000000
0.599841 -0.116976 -0.791522 0.006685 0.029422 0.991811 -0.124279 81.380371 0.799578 0.051259 0.598371 -0.291056 0.000000 0.000000 0.000000 1.000000
0.604396 -0.117407 -0.787985 0.207677 0.042699 0.992434 -0.115118 81.520386 0.795539 0.035930 0.604836 -0.555621 0.000000 0.000000 0.000000 1.000000
0.606638 -0.117086 -0.786309 0.599941 0.046776 0.992638 -0.111721 81.332954 0.793601 0.030994 0.607648 -0.917657 0.000000 0.000000 0.000000 1.000000
0.610120 -0.119322 -0.783273 1.152783 0.043244 0.992136 -0.117456 80.788345 0.791128 0.037790 0.610482 -1.449092 0.000000 0.000000 0.000000 1.000000
0.608913 -0.136259 -0.781446 1.686168 0.039653 0.989133 -0.141574 80.068268 0.792245 0.055219 0.607699 -1.941718 0.000000 0.000000 0.000000 1.000000
0.596330 -0.157037 -0.787229 2.042935 0.036458 0.984965 -0.168865 79.372452 0.801911 0.071998 0.593089 -2.234896 0.000000 0.000000 0.000000 1.000000
0.570221 -0.171573 -0.803375 2.214758 0.033692 0.982008 -0.185809 78.739792 0.820800 0.078885 0.565742 -2.306756 0.000000 0.000000 0.000000 1.000000
0.533940 -0.179899 -0.826162 2.289368 0.033573 0.980843 -0.191884 78.101509 0.844855 0.074718 0.529752 -2.234840 0.000000 0.000000 0.000000 1.000000
0.498984 -0.179349 -0.847850 2.132555 0.035722 0.981776 -0.186655 77.513603 0.865875 0.062850 0.496297 -2.016175 0.000000 0.000000 0.000000 1.000000
0.476377 -0.151312 -0.866123 1.363627 0.038880 0.987742 -0.151175 77.346405 0.878381 0.038341 0.476420 -1.625738 0.000000 0.000000 0.000000 1.000000
0.468483 -0.082618 -0.879601 -0.252435 0.040131 0.996580 -0.072232 78.099312 0.882560 -0.001460 0.470197 -1.060254 0.000000 0.000000 0.000000 1.000000
0.473418 0.012656 -0.880747 -2.571068 0.032460 0.998967 0.031803 79.991013 0.880239 -0.043645 0.472519 -0.267080 0.000000 0.000000 0.000000 1.000000
0.482636 0.088755 -0.871312 -4.995532 0.020357 0.993446 0.112472 82.565948 0.875585 -0.072020 0.477666 0.291357 0.000000 0.000000 0.000000 1.000000
0.484943 0.125987 -0.865423 -7.216451 0.015476 0.988178 0.152530 84.779808 0.874409 -0.087362 0.477260 0.476307 0.000000 0.000000 0.000000 1.000000
0.478993 0.128468 -0.868367 -8.691703 0.017543 0.987635 0.155789 85.933044 0.877644 -0.089855 0.470816 0.561405 0.000000 0.000000 0.000000 1.000000
0.476309 0.120245 -0.871017 -9.411546 0.016708 0.989188 0.145695 86.290634 0.879119 -0.083949 0.469150 0.629891 0.000000 0.000000 0.000000 1.000000
0.477004 0.110150 -0.871972 -9.833071 0.014405 0.991002 0.133066 86.415878 0.878783 -0.076034 0.471125 0.702055 0.000000 0.000000 0.000000 1.000000
0.479126 0.099272 -0.872114 -10.130252 0.011567 0.992783 0.119362 86.445175 0.877670 -0.067277 0.474520 0.774176 0.000000 0.000000 0.000000 1.000000
0.481886 0.088496 -0.871754 -10.329902 0.008613 0.994360 0.105704 86.410835 0.876192 -0.058446 0.478406 0.843567 0.000000 0.000000 0.000000 1.000000
0.484476 0.078669 -0.871260 -10.459661 0.005989 0.995627 0.093228 86.346405 0.874784 -0.050384 0.481886 0.905292 0.000000 0.000000 0.000000 1.000000
0.486099 0.070654 -0.871043 -10.547530 0.004031 0.996535 0.083082 86.290627 0.873894 -0.043897 0.484130 0.956166 0.000000 0.000000 0.000000 1.000000
0.485802 0.065894 -0.871581 -10.575825 0.003387 0.997005 0.077265 86.263329 0.874062 -0.040487 0.484124 0.985346 0.000000 0.000000 0.000000 1.000000
0.483426 0.065577 -0.872926 -10.444022 0.004150 0.997007 0.077197 86.211861 0.875376 -0.040942 0.481707 0.984190 0.000000 0.000000 0.000000 1.000000
0.480269 0.066080 -0.874628 -10.330770 0.004268 0.996970 0.077667 86.146332 0.877111 -0.041034 0.478532 0.984590 0.000000 0.000000 0.000000 1.000000
0.477356 0.066867 -0.876162 -10.223575 0.004210 0.996915 0.078376 86.085541 0.878700 -0.041102 0.475602 0.984957 0.000000 0.000000 0.000000 1.000000
0.474679 0.067629 -0.877557 -10.116701 0.004070 0.996864 0.079025 86.034210 0.880150 -0.041083 0.472915 0.985169 0.000000 0.000000 0.000000 1.000000
0.472069 0.068451 -0.878900 -10.007108 0.003863 0.996811 0.079709 85.990921 0.881553 -0.041023 0.470299 0.985353 0.000000 0.000000 0.000000 1.000000
0.469527 0.069311 -0.880193 -9.896364 0.003607 0.996755 0.080414 85.957985 0.882911 -0.040931 0.467754 0.985400 0.000000 0.000000 0.000000 1.000000
0.467054 0.070185 -0.881439 -9.807590 0.003327 0.996698 0.081125 85.934944 0.884223 -0.040823 0.465278 0.944012 0.000000 0.000000 0.000000 1.000000
0.464649 0.071050 -0.882640 -9.751448 0.003044 0.996642 0.081829 85.919640 0.885490 -0.040708 0.462872 0.844181 0.000000 0.000000 0.000000 1.000000
0.462315 0.071885 -0.883797 -9.710844 0.002772 0.996586 0.082509 85.912109 0.886712 -0.040595 0.460537 0.722247 0.000000 0.000000 0.000000 1.000000
0.460049 0.072667 -0.884915 -9.668900 0.002538 0.996534 0.083152 85.913010 0.887890 -0.040500 0.458270 0.614177 0.000000 0.000000 0.000000 1.000000
0.457853 0.073369 -0.885995 -9.608912 0.002367 0.996485 0.083742 85.923744 0.889025 -0.040438 0.456070 0.555697 0.000000 0.000000 0.000000 1.000000
0.455727 0.073968 -0.887041 -9.530387 0.002282 0.996441 0.084263 85.944656 0.890117 -0.040425 0.453936 0.550903 0.000000 0.000000 0.000000 1.000000
0.453671 0.074445 -0.888054 -9.447607 0.002299 0.996404 0.084702 85.975868 0.891166 -0.040468 0.451868 0.575288 0.000000 0.000000 0.000000 1.000000
0.451878 0.074592 -0.888956 -9.385777 0.002575 0.996385 0.084915 86.026611 0.892076 -0.040661 0.450052 0.620970 0.000000 0.000000 0.000000 1.000000
0.449988 0.074777 -0.889898 -9.341187 0.002884 0.996361 0.085182 86.097404 0.893030 -0.040897 0.448135 0.681137 0.000000 0.000000 0.000000 1.000000
0.448642 0.074613 -0.890592 -9.297458 0.002011 0.996422 0.084492 86.169250 0.893709 -0.039698 0.446886 0.757410 0.000000 0.000000 0.000000 1.000000
0.447616 0.074234 -0.891139 -9.249954 0.000845 0.996513 0.083437 86.232574 0.894226 -0.038100 0.445992 0.836277 0.000000 0.000000 0.000000 1.000000
0.446534 0.074064 -0.891696 -9.205848 0.000497 0.996548 0.083022 86.285622 0.894767 -0.037516 0.444955 0.901739 0.000000 0.000000 0.000000 1.000000
0.446113 0.073795 -0.891929 -9.172831 0.000276 0.996583 0.082592 86.335526 0.894977 -0.037091 0.444568 0.951603 0.000000 0.000000 0.000000 1.000000
0.446420 0.073425 -0.891806 -9.151392 -0.000045 0.996630 0.082033 86.387726 0.894824 -0.036581 0.444918 0.979903 0.000000 0.000000 0.000000 1.000000
0.447089 0.073329 -0.891479 -9.147109 -0.000293 0.996646 0.081833 86.442413 0.894490 -0.036326 0.445611 0.981367 0.000000 0.000000 0.000000 1.000000
0.447441 0.072893 -0.891338 -9.158160 -0.000461 0.996691 0.081277 86.498734 0.894313 -0.035956 0.445995 0.978281 0.000000 0.000000 0.000000 1.000000
0.446675 0.071791 -0.891811 -9.178626 -0.000601 0.996799 0.079941 86.548355 0.894696 -0.035172 0.445289 0.975652 0.000000 0.000000 0.000000 1.000000
0.445680 0.070837 -0.892385 -9.201649 -0.000815 0.996896 0.078726 86.590202 0.895192 -0.034359 0.444354 0.972698 0.000000 0.000000 0.000000 1.000000
0.445443 0.068841 -0.892660 -9.217226 -0.000459 0.997057 0.076663 86.648994 0.895310 -0.033739 0.444163 0.968230 0.000000 0.000000 0.000000 1.000000
0.446200 0.064273 -0.892622 -9.183013 0.000799 0.997389 0.072216 86.733856 0.894933 -0.032936 0.444983 0.963334 0.000000 0.000000 0.000000 1.000000
0.447926 0.058733 -0.892140 -9.045190 0.001942 0.997774 0.066662 86.809639 0.894069 -0.031592 0.446815 0.958745 0.000000 0.000000 0.000000 1.000000
0.449443 0.052557 -0.891762 -8.749139 0.002656 0.998185 0.060167 86.889488 0.893305 -0.029410 0.448488 0.954660 0.000000 0.000000 0.000000 1.000000
0.449980 0.045696 -0.891869 -8.239023 0.003827 0.998582 0.053094 87.059669 0.893031 -0.027304 0.449167 0.933518 0.000000 0.000000 0.000000 1.000000
0.451004 0.041341 -0.891564 -7.529104 0.005673 0.998774 0.049182 87.177025 0.892504 -0.027239 0.450216 0.880699 0.000000 0.000000 0.000000 1.000000
0.454195 0.038049 -0.890089 -6.702289 0.007699 0.998883 0.046629 86.911209 0.890869 -0.028032 0.453394 0.782452 0.000000 0.000000 0.000000 1.000000
0.459547 0.029438 -0.887666 -5.790825 0.009746 0.999223 0.038184 86.297928 0.888100 -0.026199 0.458903 0.678330 0.000000 0.000000 0.000000 1.000000
0.466473 0.016735 -0.884377 -4.809160 0.011999 0.999609 0.025245 85.358925 0.884454 -0.022388 0.466090 0.519729 0.000000 0.000000 0.000000 1.000000
0.474643 0.005469 -0.880161 -3.931312 0.015763 0.999768 0.014712 84.011444 0.880037 -0.020857 0.474447 0.355784 0.000000 0.000000 0.000000 1.000000
0.482304 -0.004069 -0.875995 -2.886690 0.020823 0.999760 0.006821 82.371513 0.875756 -0.021531 0.482273 0.370454 0.000000 0.000000 0.000000 1.000000
0.487926 -0.017063 -0.872718 -1.870514 0.027158 0.999622 -0.004360 80.797943 0.872462 -0.021573 0.488205 0.442010 0.000000 0.000000 0.000000 1.000000
0.493184 -0.040581 -0.868978 -0.938276 0.035305 0.999022 -0.026617 79.466927 0.869208 -0.017552 0.494134 0.505759 0.000000 0.000000 0.000000 1.000000
0.501555 -0.065413 -0.862649 -0.302534 0.039281 0.997831 -0.052826 78.637543 0.864233 -0.007391 0.503037 0.517505 0.000000 0.000000 0.000000 1.000000
0.514918 -0.081696 -0.853338 -0.001133 0.035227 0.996624 -0.074157 78.243690 0.856515 0.008124 0.516058 0.468466 0.000000 0.000000 0.000000 1.000000
0.530438 -0.094235 -0.842470 0.160060 0.028043 0.995209 -0.093663 78.165672 0.847260 0.026057 0.530539 0.393335 0.000000 0.000000 0.000000 1.000000
0.546547 -0.103622 -0.830993 0.204236 0.019144 0.993602 -0.111307 78.335030 0.837210 0.044926 0.545034 0.304619 0.000000 0.000000 0.000000 1.000000
0.561700 -0.110562 -0.819920 0.178305 0.009875 0.991856 -0.126981 78.667168 0.827282 0.063228 0.558218 0.214650 0.000000 0.000000 0.000000 1.000000
0.574402 -0.115891 -0.810328 0.132231 0.001547 0.990079 -0.140502 79.080597 0.818572 0.079451 0.568882 0.135245 0.000000 0.000000 0.000000 1.000000
0.583215 -0.120537 -0.803325 0.115460 -0.004572 0.988427 -0.151630 79.494705 0.812305 0.092106 0.575915 0.078604 0.000000 0.000000 0.000000 1.000000
0.585552 -0.122466 -0.801331 0.084626 -0.008383 0.987555 -0.157052 79.882996 0.810591 0.098680 0.577238 0.052511 0.000000 0.000000 0.000000 1.000000
0.584031 -0.121969 -0.802516 0.030388 -0.011391 0.987318 -0.158346 80.250031 0.811651 0.101621 0.575235 0.040659 0.000000 0.000000 0.000000 1.000000
0.582187 -0.121236 -0.803965 -0.024745 -0.014365 0.987132 -0.159259 80.561256 0.812928 0.104268 0.572954 0.030000 0.000000 0.000000 0.000000 1.000000</float_array>
        <technique_common>
          <accessor source="#mixamorig_Hips-Matrix-animation-output-transform-array" count="72" stride="16">
            <param type="float4x4"/>
          </accessor>
        </technique_common>
      </source>
      <source id="mixamorig_Hips-Interpolations">
        <Name_array id="mixamorig_Hips-Interpolations-array" count="72">
 LINEAR LINEAR LINEAR LINEAR LINEAR LINEAR LINEAR LINEAR LINEAR LINEAR LINEAR
LINEAR LINEAR LINEAR LINEAR LINEAR LINEAR LINEAR LINEAR LINEAR LINEAR LINEAR LINEAR
LINEAR LINEAR LINEAR LINEAR LINEAR LINEAR LINEAR LINEAR LINEAR LINEAR LINEAR LINEAR
LINEAR LINEAR LINEAR LINEAR LINEAR LINEAR LINEAR LINEAR LINEAR LINEAR LINEAR LINEAR
LINEAR LINEAR LINEAR LINEAR LINEAR LINEAR LINEAR LINEAR LINEAR LINEAR LINEAR LINEAR
LINEAR LINEAR LINEAR LINEAR LINEAR LINEAR LINEAR LINEAR LINEAR LINEAR LINEAR LINEAR
LINEAR</Name_array>
        <technique_common>
          <accessor source="#mixamorig_Hips-Interpolations-array" count="72">
            <param type="name"/>
          </accessor>
        </technique_common>
      </source>
      <sampler id="mixamorig_Hips-Matrix-animation-transform">
        <input semantic="INPUT" source="#mixamorig_Hips-Matrix-animation-input"/>
        <input semantic="OUTPUT" source="#mixamorig_Hips-Matrix-animation-output-transform"/>
        <input semantic="INTERPOLATION" source="#mixamorig_Hips-Interpolations"/>
      </sampler>
      <channel source="#mixamorig_Hips-Matrix-animation-transform" target="mixamorig_Hips/matrix"/>
    </animation>
    <animation id="mixamorig_Spine-anim" name="mixamorig_Spine">
      <source id="mixamorig_Spine-Matrix-animation-input">
        <float_array id="mixamorig_Spine-Matrix-animation-input-array" count="72">

0.000000 0.033333 0.066667 0.100000 0.133333 0.166667 0.200000 0.233333 0.266667 0.300000 0.333333 0.366667 0.400000 0.433333 0.466667 0.500000
0.533333 0.566667 0.600000 0.633333 0.666667 0.700000 0.733333 0.766667 0.800000 0.833333 0.866667 0.900000 0.933333 0.966667 1.000000 1.033333
1.066667 1.100000 1.133333 1.166667 1.200000 1.233333 1.266667 1.300000 1.333333 1.366667 1.400000 1.433333 1.466667 1.500000 1.533333 1.566667
1.600000 1.633333 1.666667 1.700000 1.733333 1.766667 1.800000 1.833333 1.866667 1.900000 1.933333 1.966667 2.000000 2.033333 2.066667 2.100000
2.133333 2.166667 2.200000 2.233333 2.266667 2.300000 2.333333 2.366667</float_array>
        <technique_common>
          <accessor source="#mixamorig_Spine-Matrix-animation-input-array" count="72">
            <param name="TIME" type="float"/>
          </accessor>
        </technique_common>
      </source>
      <source id="mixamorig_Spine-Matrix-animation-output-transform">
        <float_array id="mixamorig_Spine-Matrix-animation-output-transform-array" count="1152">

0.996514 0.049266 0.067321 0.017300 -0.047750 0.998572 -0.023939 10.574800 -0.068404 0.020641 0.997444 -1.117200 0.000000 0.000000 0.000000 1.000000
0.996697 0.049080 0.064701 0.017300 -0.047698 0.998603 -0.022735 10.574800 -0.065726 0.019574 0.997646 -1.117200 0.000000 0.000000 0.000000 1.000000
0.996907 0.046051 0.063678 0.017300 -0.044512 0.998686 -0.025386 10.574800 -0.064764 0.022473 0.997648 -1.117200 0.000000 0.000000 0.000000 1.000000
0.996709 0.043990 0.068096 0.017300 -0.042038 0.998670 -0.029837 10.574800 -0.069318 0.026876 0.997233 -1.117200 0.000000 0.000000 0.000000 1.000000
0.994849 0.052611 0.086649 0.017300 -0.049512 0.998068 -0.037536 10.574800 -0.088456 0.033052 0.995532 -1.117200 0.000000 0.000000 0.000000 1.000000
0.992555 0.060642 0.105632 0.017300 -0.055546 0.997177 -0.050534 10.574800 -0.108398 0.044290 0.993120 -1.117200 0.000000 0.000000 0.000000 1.000000
0.992383 0.059937 0.107623 0.017300 -0.052799 0.996288 -0.067987 10.574800 -0.111298 0.061787 0.991864 -1.117200 0.000000 0.000000 0.000000 1.000000
0.992901 0.058146 0.103762 0.017300 -0.051453 0.996488 -0.066057 10.574800 -0.107239 0.060249 0.992406 -1.117200 0.000000 0.000000 0.000000 1.000000
0.993425 0.053946 0.100975 0.017300 -0.048757 0.997394 -0.053172 10.574800 -0.103580 0.047899 0.993467 -1.117200 0.000000 0.000000 0.000000 1.000000
0.994043 0.044179 0.099636 0.017300 -0.039600 0.998087 -0.047473 10.574800 -0.101543 0.043245 0.993891 -1.117200 0.000000 0.000000 0.000000 1.000000
0.994031 0.035913 0.103016 0.017300 -0.031218 0.998415 -0.046836 10.574800 -0.104535 0.043340 0.993576 -1.117200 0.000000 0.000000 0.000000 1.000000
0.994045 0.033066 0.103830 0.017300 -0.028704 0.998653 -0.043228 10.574800 -0.105120 0.039991 0.993655 -1.117200 0.000000 0.000000 0.000000 1.000000
0.995272 0.029195 0.092636 0.017300 -0.026237 0.999111 -0.032990 10.574800 -0.093516 0.030404 0.995153 -1.117200 0.000000 0.000000 0.000000 1.000000
0.995430 0.030496 0.090493 0.017300 -0.027479 0.999030 -0.034402 10.574800 -0.091455 0.031758 0.995303 -1.117200 0.000000 0.000000 0.000000 1.000000
0.996455 0.016267 0.082545 0.017300 -0.012730 0.998985 -0.043200 10.574800 -0.083164 0.041996 0.995651 -1.117200 0.000000 0.000000 0.000000 1.000000
0.998170 -0.005953 0.060174 0.017300 0.007639 0.999584 -0.027818 10.574800 -0.059984 0.028226 0.997800 -1.117200 0.000000 0.000000 0.000000 1.000000
0.999445 -0.014530 0.029991 0.017300 0.013877 0.999665 0.021840 10.574800 -0.030299 -0.021411 0.999312 -1.117200 0.000000 0.000000 0.000000 1.000000
0.999748 -0.017071 0.014579 0.017300 0.016113 0.997851 0.063510 10.574800 -0.015632 -0.063259 0.997875 -1.117200 0.000000 0.000000 0.000000 1.000000
0.999817 -0.018130 0.006088 0.017300 0.017521 0.995932 0.088383 10.574800 -0.007666 -0.088260 0.996068 -1.117200 0.000000 0.000000 0.000000 1.000000
0.999828 -0.018551 -0.000781 0.017300 0.018526 0.993957 0.108192 10.574800 -0.001231 -0.108188 0.994130 -1.117200 0.000000 0.000000 0.000000 1.000000
0.999798 -0.018982 -0.006633 0.017300 0.019657 0.992115 0.123777 10.574800 0.004231 -0.123882 0.992288 -1.117200 0.000000 0.000000 0.000000 1.000000
0.999745 -0.019385 -0.011588 0.017300 0.020782 0.990494 0.135977 10.574800 0.008842 -0.136183 0.990644 -1.117200 0.000000 0.000000 0.000000 1.000000
0.999682 -0.019695 -0.015742 0.017300 0.021779 0.989100 0.145628 10.574800 0.012702 -0.145925 0.989214 -1.117200 0.000000 0.000000 0.000000 1.000000
0.999615 -0.019979 -0.019233 0.017300 0.022699 0.987879 0.153556 10.574800 0.015932 -0.153934 0.987953 -1.117200 0.000000 0.000000 0.000000 1.000000
0.999551 -0.020227 -0.022110 0.017300 0.023520 0.986742 0.160585 10.574800 0.018569 -0.161033 0.986774 -1.117200 0.000000 0.000000 0.000000 1.000000
0.999495 -0.020468 -0.024306 0.017300 0.024090 0.986892 0.159572 10.574800 0.020721 -0.160077 0.986887 -1.117200 0.000000 0.000000 0.000000 1.000000
0.999456 -0.020655 -0.025722 0.017300 0.024470 0.987117 0.158118 10.574800 0.022125 -0.158661 0.987085 -1.117200 0.000000 0.000000 0.000000 1.000000
0.999442 -0.020665 -0.026258 0.017300 0.024527 0.987371 0.156514 10.574800 0.022692 -0.157071 0.987327 -1.117200 0.000000 0.000000 0.000000 1.000000
0.999472 -0.019735 -0.025808 0.017300 0.023567 0.987190 0.157798 10.574800 0.022363 -0.158323 0.987134 -1.117200 0.000000 0.000000 0.000000 1.000000
0.999561 -0.018248 -0.023330 0.017300 0.021704 0.987252 0.157680 10.574800 0.020155 -0.158117 0.987215 -1.117200 0.000000 0.000000 0.000000 1.000000
0.999655 -0.016597 -0.020341 0.017300 0.019574 0.987524 0.156247 10.574800 0.017494 -0.156591 0.987509 -1.117200 0.000000 0.000000 0.000000 1.000000
0.999726 -0.015078 -0.017883 0.017300 0.017668 0.987784 0.154824 10.574800 0.015330 -0.155097 0.987780 -1.117200 0.000000 0.000000 0.000000 1.000000
0.999770 -0.013249 -0.016880 0.017300 0.015707 0.987787 0.155018 10.574800 0.014620 -0.155248 0.987767 -1.117200 0.000000 0.000000 0.000000 1.000000
0.999793 -0.010224 -0.017565 0.017300 0.012838 0.987704 0.155807 10.574800 0.015756 -0.156000 0.987631 -1.117200 0.000000 0.000000 0.000000 1.000000
0.999826 -0.007006 -0.017262 0.017300 0.009612 0.987733 0.155858 10.574800 0.015959 -0.155997 0.987629 -1.117200 0.000000 0.000000 0.000000 1.000000
0.999847 -0.005109 -0.016754 0.017300 0.007663 0.987708 0.156125 10.574800 0.015751 -0.156230 0.987595 -1.117200 0.000000 0.000000 0.000000 1.000000
0.999823 -0.003490 -0.018493 0.017300 0.006361 0.987494 0.157530 10.574800 0.017711 -0.157620 0.987341 -1.117200 0.000000 0.000000 0.000000 1.000000
0.999785 -0.002655 -0.020554 0.017300 0.005904 0.987158 0.159637 10.574800 0.019866 -0.159724 0.986962 -1.117200 0.000000 0.000000 0.000000 1.000000
0.999770 -0.002693 -0.021263 0.017300 0.006094 0.986844 0.161559 10.574800 0.020549 -0.161652 0.986634 -1.117200 0.000000 0.000000 0.000000 1.000000
0.999763 -0.002495 -0.021624 0.017300 0.005977 0.986690 0.162502 10.574800 0.020930 -0.162593 0.986471 -1.117200 0.000000 0.000000 0.000000 1.000000
0.999718 -0.003415 -0.023515 0.017300 0.007246 0.986297 0.164821 10.574800 0.022630 -0.164945 0.986043 -1.117200 0.000000 0.000000 0.000000 1.000000
0.999701 -0.003910 -0.024144 0.017300 0.007861 0.986132 0.165774 10.574800 0.023161 -0.165914 0.985868 -1.117200 0.000000 0.000000 0.000000 1.000000
0.999676 -0.003347 -0.025223 0.017300 0.007513 0.985934 0.166968 10.574800 0.024310 -0.167103 0.985640 -1.117200 0.000000 0.000000 0.000000 1.000000
0.999642 -0.003092 -0.026561 0.017300 0.007516 0.985735 0.168137 10.574800 0.025662 -0.168277 0.985406 -1.117200 0.000000 0.000000 0.000000 1.000000
0.999600 -0.002463 -0.028180 0.017300 0.007207 0.985502 0.169511 10.574800 0.027354 -0.169646 0.985125 -1.117200 0.000000 0.000000 0.000000 1.000000
0.999573 -0.001749 -0.029176 0.017300 0.006704 0.985314 0.170623 10.574800 0.028449 -0.170746 0.984904 -1.117200 0.000000 0.000000 0.000000 1.000000
0.999557 -0.001243 -0.029730 0.017300 0.006360 0.984962 0.172653 10.574800 0.029068 -0.172766 0.984534 -1.117200 0.000000 0.000000 0.000000 1.000000
0.999589 -0.000526 -0.028658 0.017300 0.005586 0.984234 0.176781 10.574800 0.028113 -0.176868 0.983833 -1.117200 0.000000 0.000000 0.000000 1.000000
0.999608 -0.000103 -0.027988 0.017300 0.005137 0.983679 0.179857 10.574800 0.027513 -0.179931 0.983294 -1.117200 0.000000 0.000000 0.000000 1.000000
0.999602 0.000915 -0.028213 0.017300 0.004253 0.983181 0.182584 10.574800 0.027905 -0.182631 0.982785 -1.117200 0.000000 0.000000 0.000000 1.000000
0.999543 0.003120 -0.030071 0.017300 0.002555 0.982384 0.186855 10.574800 0.030124 -0.186847 0.981927 -1.117200 0.000000 0.000000 0.000000 1.000000
0.999451 0.003025 -0.032978 0.017300 0.003299 0.981769 0.190047 10.574800 0.032952 -0.190051 0.981221 -1.117200 0.000000 0.000000 0.000000 1.000000
0.999348 0.002611 -0.036010 0.017300 0.004372 0.981289 0.192489 10.574800 0.035839 -0.192521 0.980638 -1.117200 0.000000 0.000000 0.000000 1.000000
0.999500 -0.000980 -0.031618 0.017300 0.007150 0.980653 0.195622 10.574800 0.030815 -0.195751 0.980169 -1.117200 0.000000 0.000000 0.000000 1.000000
0.999663 -0.009125 -0.024318 0.017300 0.013634 0.981249 0.192262 10.574800 0.022107 -0.192528 0.981042 -1.117200 0.000000 0.000000 0.000000 1.000000
0.999827 -0.007725 -0.016901 0.017300 0.010460 0.985690 0.168242 10.574800 0.015360 -0.168390 0.985601 -1.117200 0.000000 0.000000 0.000000 1.000000
0.999940 -0.000496 -0.010973 0.017300 0.002039 0.989991 0.141116 10.574800 0.010793 -0.141130 0.989932 -1.117200 0.000000 0.000000 0.000000 1.000000
0.999954 0.003073 -0.009136 0.017300 -0.002038 0.993785 0.111300 10.574800 0.009421 -0.111276 0.993745 -1.117200 0.000000 0.000000 0.000000 1.000000
0.999977 0.005943 -0.003279 0.017300 -0.005674 0.997026 0.076855 10.574800 0.003726 -0.076835 0.997037 -1.117200 0.000000 0.000000 0.000000 1.000000
0.999944 0.006452 0.008389 0.017300 -0.006820 0.998983 0.044570 10.574800 -0.008093 -0.044625 0.998971 -1.117200 0.000000 0.000000 0.000000 1.000000
0.999715 0.007072 0.022810 0.017300 -0.007395 0.999873 0.014104 10.574800 -0.022707 -0.014268 0.999640 -1.117200 0.000000 0.000000 0.000000 1.000000
0.999555 0.009934 0.028114 0.017300 -0.009974 0.999949 0.001310 10.574800 -0.028099 -0.001590 0.999604 -1.117200 0.000000 0.000000 0.000000 1.000000
0.999535 0.013526 0.027317 0.017300 -0.013548 0.999908 0.000611 10.574800 -0.027306 -0.000981 0.999627 -1.117200 0.000000 0.000000 0.000000 1.000000
0.999364 0.018684 0.030383 0.017300 -0.018620 0.999824 -0.002387 10.574800 -0.030422 0.001820 0.999535 -1.117200 0.000000 0.000000 0.000000 1.000000
0.999084 0.024542 0.035063 0.017300 -0.024331 0.999683 -0.006415 10.574800 -0.035209 0.005556 0.999365 -1.117200 0.000000 0.000000 0.000000 1.000000
0.998701 0.030622 0.040716 0.017300 -0.030199 0.999484 -0.010970 10.574800 -0.041031 0.009727 0.999111 -1.117200 0.000000 0.000000 0.000000 1.000000
0.998244 0.036448 0.046699 0.017300 -0.035758 0.999240 -0.015529 10.574800 -0.047229 0.013832 0.998788 -1.117200 0.000000 0.000000 0.000000 1.000000
0.997762 0.041568 0.052374 0.017300 -0.040593 0.998985 -0.019544 10.574800 -0.053134 0.017375 0.998436 -1.117200 0.000000 0.000000 0.000000 1.000000
0.997329 0.045533 0.057105 0.017300 -0.044314 0.998765 -0.022446 10.574800 -0.058057 0.019856 0.998116 -1.117200 0.000000 0.000000 0.000000 1.000000
0.997017 0.047566 0.060775 0.017300 -0.046211 0.998655 -0.023524 10.574800 -0.061813 0.020645 0.997874 -1.117200 0.000000 0.000000 0.000000 1.000000
0.996769 0.048464 0.064059 0.017300 -0.047029 0.998612 -0.023721 10.574800 -0.065119 0.020631 0.997664 -1.117200 0.000000 0.000000 0.000000 1.000000
0.996514 0.049263 0.067323 0.017300 -0.047750 0.998573 -0.023903 10.574800 -0.068404 0.020605 0.997445 -1.117200 0.000000 0.000000 0.000000 1.000000</float_array>
        <technique_common>
          <accessor source="#mixamorig_Spine-Matrix-animation-output-transform-array" count="72" stride="16">
            <param type="float4x4"/>
          </accessor>
        </technique_common>
      </source>
      <source id="mixamorig_Spine-Interpolations">
        <Name_array id="mixamorig_Spine-Interpolations-array" count="72">
 LINEAR LINEAR LINEAR LINEAR LINEAR LINEAR LINEAR LINEAR LINEAR LINEAR LINEAR
LINEAR LINEAR LINEAR LINEAR LINEAR LINEAR LINEAR LINEAR LINEAR LINEAR LINEAR LINEAR
LINEAR LINEAR LINEAR LINEAR LINEAR LINEAR LINEAR LINEAR LINEAR LINEAR LINEAR LINEAR
LINEAR LINEAR LINEAR LINEAR LINEAR LINEAR LINEAR LINEAR LINEAR LINEAR LINEAR LINEAR
LINEAR LINEAR LINEAR LINEAR LINEAR LINEAR LINEAR LINEAR LINEAR LINEAR LINEAR LINEAR
LINEAR LINEAR LINEAR LINEAR LINEAR LINEAR LINEAR LINEAR LINEAR LINEAR LINEAR LINEAR
LINEAR</Name_array>
        <technique_common>
          <accessor source="#mixamorig_Spine-Interpolations-array" count="72">
            <param type="name"/>
          </accessor>
        </technique_common>
      </source>
      <sampler id="mixamorig_Spine-Matrix-animation-transform">
        <input semantic="INPUT" source="#mixamorig_Spine-Matrix-animation-input"/>
        <input semantic="OUTPUT" source="#mixamorig_Spine-Matrix-animation-output-transform"/>
        <input semantic="INTERPOLATION" source="#mixamorig_Spine-Interpolations"/>
      </sampler>
      <channel source="#mixamorig_Spine-Matrix-animation-transform" target="mixamorig_Spine/matrix"/>
    </animation>
    <animation id="mixamorig_Spine1-anim" name="mixamorig_Spine1">
      <source id="mixamorig_Spine1-Matrix-animation-input">
        <float_array id="mixamorig_Spine1-Matrix-animation-input-array" count="72">

0.000000 0.033333 0.066667 0.100000 0.133333 0.166667 0.200000 0.233333 0.266667 0.300000 0.333333 0.366667 0.400000 0.433333 0.466667 0.500000
0.533333 0.566667 0.600000 0.633333 0.666667 0.700000 0.733333 0.766667 0.800000 0.833333 0.866667 0.900000 0.933333 0.966667 1.000000 1.033333
1.066667 1.100000 1.133333 1.166667 1.200000 1.233333 1.266667 1.300000 1.333333 1.366667 1.400000 1.433333 1.466667 1.500000 1.533333 1.566667
1.600000 1.633333 1.666667 1.700000 1.733333 1.766667 1.800000 1.833333 1.866667 1.900000 1.933333 1.966667 2.000000 2.033333 2.066667 2.100000
2.133333 2.166667 2.200000 2.233333 2.266667 2.300000 2.333333 2.366667</float_array>
        <technique_common>
          <accessor source="#mixamorig_Spine1-Matrix-animation-input-array" count="72">
            <param name="TIME" type="float"/>
          </accessor>
        </technique_common>
      </source>
      <source id="mixamorig_Spine1-Matrix-animation-output-transform">
        <float_array id="mixamorig_Spine1-Matrix-animation-output-transform-array" count="1152">

0.998869 -0.042936 0.020427 0.000000 0.043367 0.998836 -0.021132 12.406000 -0.019496 0.021994 0.999568 0.000000 0.000000 0.000000 0.000000 1.000000
0.999378 -0.029142 0.019875 0.000000 0.029505 0.999399 -0.018207 12.406000 -0.019333 0.018782 0.999637 0.000000 0.000000 0.000000 0.000000 1.000000
0.999705 -0.014331 0.019601 0.000000 0.014624 0.999783 -0.014861 12.406000 -0.019383 0.015143 0.999697 -0.000000 0.000000 0.000000 0.000000 1.000000
0.999784 -0.000434 0.020797 0.000000 0.000718 0.999906 -0.013661 12.406000 -0.020790 0.013673 0.999690 0.000000 0.000000 0.000000 0.000000 1.000000
0.999611 0.009810 0.026110 -0.000000 -0.009447 0.999858 -0.013963 12.406000 -0.026243 0.013711 0.999562 0.000000 0.000000 0.000000 0.000000 1.000000
0.999417 0.012751 0.031674 -0.000000 -0.012355 0.999843 -0.012672 12.406000 -0.031831 0.012273 0.999418 -0.000000 0.000000 0.000000 0.000000 1.000000
0.999419 0.010787 0.032342 0.000000 -0.010403 0.999874 -0.012007 12.406000 -0.032467 0.011663 0.999405 -0.000000 0.000000 0.000000 0.000000 1.000000
0.999464 0.010016 0.031170 0.000000 -0.009688 0.999896 -0.010667 12.406000 -0.031273 0.010360 0.999457 0.000000 0.000000 0.000000 0.000000 1.000000
0.999489 0.010264 0.030264 0.000000 -0.010037 0.999920 -0.007643 12.406000 -0.030340 0.007335 0.999513 0.000000 0.000000 0.000000 0.000000 1.000000
0.999498 0.010843 0.029767 -0.000000 -0.010687 0.999928 -0.005389 12.406000 -0.029824 0.005068 0.999542 0.000000 0.000000 0.000000 0.000000 1.000000
0.999457 0.011929 0.030726 0.000000 -0.011836 0.999925 -0.003187 12.406000 -0.030762 0.002822 0.999523 0.000000 0.000000 0.000000 0.000000 1.000000
0.999454 0.011801 0.030872 0.000000 -0.011761 0.999930 -0.001499 12.406000 -0.030887 0.001135 0.999522 -0.000000 0.000000 0.000000 0.000000 1.000000
0.999572 0.010342 0.027369 0.000000 -0.010292 0.999945 -0.001937 12.406000 -0.027387 0.001655 0.999624 0.000000 0.000000 0.000000 0.000000 1.000000
0.999619 0.007757 0.026485 -0.000000 -0.007603 0.999954 -0.005886 12.406000 -0.026529 0.005682 0.999632 0.000000 0.000000 0.000000 0.000000 1.000000
0.999713 0.003662 0.023682 0.000000 -0.003523 0.999976 -0.005936 12.406000 -0.023703 0.005851 0.999702 0.000000 0.000000 0.000000 0.000000 1.000000
0.999862 0.001022 0.016606 0.000000 -0.001068 0.999996 0.002729 12.406000 -0.016603 -0.002747 0.999858 -0.000000 0.000000 0.000000 0.000000 1.000000
0.999969 0.000227 0.007858 -0.000000 -0.000364 0.999846 0.017519 12.406000 -0.007853 -0.017522 0.999816 0.000000 0.000000 0.000000 0.000000 1.000000
0.999992 0.001522 0.003663 -0.000000 -0.001623 0.999618 0.027589 12.406000 -0.003619 -0.027594 0.999613 0.000000 0.000000 0.000000 0.000000 1.000000
0.999998 0.001618 0.001305 -0.000000 -0.001663 0.999377 0.035248 12.406000 -0.001247 -0.035250 0.999378 -0.000000 0.000000 0.000000 0.000000 1.000000
0.999999 0.000734 -0.000679 0.000000 -0.000704 0.999069 0.043141 12.406000 0.000711 -0.043141 0.999069 0.000000 0.000000 0.000000 0.000000 1.000000
0.999997 -0.000848 -0.002357 0.000000 0.000967 0.998697 0.051028 12.406000 0.002310 -0.051030 0.998694 0.000000 0.000000 0.000000 0.000000 1.000000
0.999989 -0.002846 -0.003844 -0.000000 0.003066 0.998273 0.058670 12.406000 0.003670 -0.058681 0.998270 0.000000 0.000000 0.000000 0.000000 1.000000
0.999974 -0.004977 -0.005234 -0.000000 0.005311 0.997817 0.065832 12.406000 0.004895 -0.065858 0.997817 0.000000 0.000000 0.000000 0.000000 1.000000
0.999955 -0.006959 -0.006466 0.000000 0.007408 0.997357 0.072283 12.406000 0.005946 -0.072327 0.997363 0.000000 0.000000 0.000000 0.000000 1.000000
0.999936 -0.008509 -0.007519 -0.000000 0.009069 0.996929 0.077790 12.406000 0.006834 -0.077853 0.996941 -0.000000 0.000000 0.000000 0.000000 1.000000
0.999921 -0.009409 -0.008371 0.000000 0.010052 0.996717 0.080340 12.406000 0.007587 -0.080417 0.996732 -0.000000 0.000000 0.000000 0.000000 1.000000
0.999906 -0.010467 -0.008877 0.000000 0.011162 0.996542 0.082333 12.406000 0.007985 -0.082424 0.996565 0.000000 0.000000 0.000000 0.000000 1.000000
0.999893 -0.011593 -0.008955 -0.000000 0.012312 0.996307 0.084970 12.406000 0.007936 -0.085071 0.996343 0.000000 0.000000 0.000000 0.000000 1.000000
0.999888 -0.012231 -0.008677 0.000000 0.012943 0.996092 0.087371 12.406000 0.007575 -0.087474 0.996138 0.000000 0.000000 0.000000 0.000000 1.000000
0.999892 -0.012344 -0.007948 0.000000 0.013001 0.995970 0.088744 12.406000 0.006821 -0.088837 0.996023 -0.000000 0.000000 0.000000 0.000000 1.000000
0.999900 -0.012228 -0.007038 0.000000 0.012806 0.995948 0.089011 12.406000 0.005921 -0.089092 0.996006 0.000000 0.000000 0.000000 0.000000 1.000000
0.999905 -0.012270 -0.006275 0.000000 0.012780 0.995949 0.089005 12.406000 0.005157 -0.089077 0.996011 0.000000 0.000000 0.000000 0.000000 1.000000
0.999905 -0.012459 -0.005881 0.000000 0.012932 0.995967 0.088781 12.406000 0.004751 -0.088848 0.996034 0.000000 0.000000 0.000000 0.000000 1.000000
0.999906 -0.012385 -0.005901 0.000000 0.012862 0.995938 0.089113 12.406000 0.004774 -0.089181 0.996004 -0.000000 0.000000 0.000000 0.000000 1.000000
0.999909 -0.012275 -0.005639 0.000000 0.012731 0.995914 0.089402 12.406000 0.004519 -0.089465 0.995980 0.000000 0.000000 0.000000 0.000000 1.000000
0.999912 -0.012124 -0.005397 0.000000 0.012560 0.995874 0.089879 12.406000 0.004285 -0.089939 0.995938 -0.000000 0.000000 0.000000 0.000000 1.000000
0.999923 -0.010939 -0.005789 0.000000 0.011419 0.995824 0.090576 12.406000 0.004774 -0.090636 0.995873 -0.000000 0.000000 0.000000 0.000000 1.000000
0.999924 -0.010612 -0.006299 0.000000 0.011141 0.995797 0.090906 12.406000 0.005308 -0.090969 0.995840 0.000000 0.000000 0.000000 0.000000 1.000000
0.999923 -0.010593 -0.006495 0.000000 0.011142 0.995756 0.091356 12.406000 0.005500 -0.091421 0.995797 -0.000000 0.000000 0.000000 0.000000 1.000000
0.999922 -0.010637 -0.006586 0.000000 0.011195 0.995742 0.091506 12.406000 0.005584 -0.091573 0.995783 0.000000 0.000000 0.000000 0.000000 1.000000
0.999918 -0.010644 -0.007155 0.000000 0.011258 0.995684 0.092121 12.406000 0.006144 -0.092194 0.995722 0.000000 0.000000 0.000000 0.000000 1.000000
0.999916 -0.010670 -0.007351 0.000000 0.011303 0.995665 0.092321 12.406000 0.006334 -0.092396 0.995702 0.000000 0.000000 0.000000 0.000000 1.000000
0.999914 -0.010701 -0.007605 0.000000 0.011359 0.995643 0.092551 12.406000 0.006581 -0.092629 0.995679 0.000000 0.000000 0.000000 0.000000 1.000000
0.999911 -0.010691 -0.007959 0.000000 0.011383 0.995621 0.092790 12.406000 0.006932 -0.092872 0.995654 0.000000 0.000000 0.000000 0.000000 1.000000
0.999909 -0.010558 -0.008370 -0.000000 0.011291 0.995601 0.093016 12.406000 0.007351 -0.093102 0.995629 -0.000000 0.000000 0.000000 0.000000 1.000000
0.999910 -0.010262 -0.008604 -0.000000 0.011020 0.995577 0.093305 12.406000 0.007608 -0.093392 0.995600 0.000000 0.000000 0.000000 0.000000 1.000000
0.999913 -0.009913 -0.008730 0.000000 0.010685 0.995572 0.093391 12.406000 0.007766 -0.093477 0.995591 0.000000 0.000000 0.000000 0.000000 1.000000
0.999918 -0.009641 -0.008390 0.000000 0.010384 0.995565 0.093498 12.406000 0.007452 -0.093578 0.995584 -0.000000 0.000000 0.000000 0.000000 1.000000
0.999922 -0.009470 -0.008176 -0.000000 0.010194 0.995559 0.093588 12.406000 0.007253 -0.093664 0.995577 0.000000 0.000000 0.000000 0.000000 1.000000
0.999924 -0.009207 -0.008176 -0.000000 0.009931 0.995575 0.093447 12.406000 0.007280 -0.093521 0.995591 0.000000 0.000000 0.000000 0.000000 1.000000
0.999928 -0.008391 -0.008564 0.000000 0.009148 0.995661 0.092600 12.406000 0.007749 -0.092672 0.995667 -0.000000 0.000000 0.000000 0.000000 1.000000
0.999930 -0.007221 -0.009362 0.000000 0.008030 0.995954 0.089500 12.406000 0.008677 -0.089569 0.995943 0.000000 0.000000 0.000000 0.000000 1.000000
0.999935 -0.004990 -0.010216 0.000000 0.005830 0.996458 0.083884 12.406000 0.009762 -0.083938 0.996423 -0.000000 0.000000 0.000000 0.000000 1.000000
0.999957 -0.001731 -0.009115 0.000000 0.002411 0.997172 0.075119 12.406000 0.008959 -0.075138 0.997133 0.000000 0.000000 0.000000 0.000000 1.000000
0.999967 0.003640 -0.007209 -0.000000 -0.003193 0.998128 0.061084 12.406000 0.007418 -0.061059 0.998107 -0.000000 0.000000 0.000000 0.000000 1.000000
0.999975 0.004926 -0.005054 -0.000000 -0.004656 0.998625 0.052206 12.406000 0.005304 -0.052182 0.998624 0.000000 0.000000 0.000000 0.000000 1.000000
0.999978 0.005825 -0.003150 -0.000000 -0.005681 0.999016 0.043984 12.406000 0.003403 -0.043965 0.999027 -0.000000 0.000000 0.000000 0.000000 1.000000
0.999976 0.006502 -0.002462 0.000000 -0.006412 0.999368 0.034956 12.406000 0.002688 -0.034939 0.999386 0.000000 0.000000 0.000000 0.000000 1.000000
0.999970 0.007759 -0.000614 0.000000 -0.007742 0.999682 0.024005 12.406000 0.000800 -0.024000 0.999712 0.000000 0.000000 0.000000 0.000000 1.000000
0.999961 0.008334 0.002803 0.000000 -0.008371 0.999872 0.013665 12.406000 -0.002688 -0.013688 0.999903 0.000000 0.000000 0.000000 0.000000 1.000000
0.999942 0.008186 0.006957 -0.000000 -0.008218 0.999956 0.004509 12.406000 -0.006919 -0.004566 0.999966 0.000000 0.000000 0.000000 0.000000 1.000000
0.999929 0.008311 0.008523 0.000000 -0.008297 0.999964 -0.001650 12.406000 -0.008536 0.001579 0.999962 0.000000 0.000000 0.000000 0.000000 1.000000
0.999944 0.006422 0.008352 0.000000 -0.006384 0.999969 -0.004595 12.406000 -0.008381 0.004542 0.999955 0.000000 0.000000 0.000000 0.000000 1.000000
0.999956 0.000581 0.009326 0.000000 -0.000511 0.999971 -0.007552 12.406000 -0.009330 0.007547 0.999928 0.000000 0.000000 0.000000 0.000000 1.000000
0.999918 -0.006941 0.010780 0.000000 0.007054 0.999920 -0.010508 12.406000 -0.010706 0.010583 0.999887 0.000000 0.000000 0.000000 0.000000 1.000000
0.999805 -0.015286 0.012518 0.000000 0.015453 0.999792 -0.013331 12.406000 -0.012312 0.013522 0.999833 0.000000 0.000000 0.000000 0.000000 1.000000
0.999619 -0.023597 0.014346 0.000000 0.023825 0.999590 -0.015898 12.406000 -0.013965 0.016234 0.999771 0.000000 0.000000 0.000000 0.000000 1.000000
0.999390 -0.031016 0.016069 0.000000 0.031306 0.999346 -0.018097 12.406000 -0.015497 0.018589 0.999707 -0.000000 0.000000 0.000000 0.000000 1.000000
0.999174 -0.036687 0.017492 0.000000 0.037032 0.999117 -0.019831 12.406000 -0.016749 0.020462 0.999650 0.000000 0.000000 0.000000 0.000000 1.000000
0.999038 -0.039741 0.018565 0.000000 0.040123 0.998981 -0.020674 12.406000 -0.017724 0.021399 0.999614 0.000000 0.000000 0.000000 0.000000 1.000000
0.998953 -0.041393 0.019500 0.000000 0.041799 0.998907 -0.020930 12.406000 -0.018613 0.021723 0.999591 -0.000000 0.000000 0.000000 0.000000 1.000000
0.998869 -0.042936 0.020427 0.000000 0.043367 0.998836 -0.021132 12.406000 -0.019496 0.021994 0.999568 0.000000 0.000000 0.000000 0.000000 1.000000</float_array>
        <technique_common>
          <accessor source="#mixamorig_Spine1-Matrix-animation-output-transform-array" count="72" stride="16">
            <param type="float4x4"/>
          </accessor>
        </technique_common>
      </source>
      <source id="mixamorig_Spine1-Interpolations">
        <Name_array id="mixamorig_Spine1-Interpolations-array" count="72">
 LINEAR LINEAR LINEAR LINEAR LINEAR LINEAR LINEAR LINEAR LINEAR LINEAR LINEAR
