<?xml version="1.0" encoding="utf-8"?>
<COLLADA xmlns="http://www.collada.org/2005/11/COLLADASchema" version="1.4.1">
  <asset>
    <contributor>
      <author>Mixamo</author>
      <authoring_tool>COLLADA Mixamo exporter</authoring_tool>
      <comments/>
    </contributor>
    <created>2024-04-21T07:06:38Z</created>
    <modified>2024-04-21T07:06:38Z</modified>
    <revision/>
    <title/>
    <unit meter="0.010000"/>
    <up_axis>Y_UP</up_axis>
  </asset>
  <library_animations>
    <animation id="mixamorig_Hips-anim" name="mixamorig_Hips">
      <source id="mixamorig_Hips-Matrix-animation-input">
        <float_array id="mixamorig_Hips-Matrix-animation-input-array" count="46">

0.000000 0.033333 0.066667 0.100000 0.133333 0.166667 0.200000 0.233333 0.266667 0.300000 0.333333 0.366667 0.400000 0.433333 0.466667 0.500000
0.533333 0.566667 0.600000 0.633333 0.666667 0.700000 0.733333 0.766667 0.800000 0.833333 0.866667 0.900000 0.933333 0.966667 1.000000 1.033333
1.066667 1.100000 1.133333 1.166667 1.200000 1.233333 1.266667 1.300000 1.333333 1.366667 1.400000 1.433333 1.466667 1.500000</float_array>
        <technique_common>
          <accessor source="#mixamorig_Hips-Matrix-animation-input-array" count="46">
            <param name="TIME" type="float"/>
          </accessor>
        </technique_common>
      </source>
      <source id="mixamorig_Hips-Matrix-animation-output-transform">
        <float_array id="mixamorig_Hips-Matrix-animation-output-transform-array" count="736">

0.582187 -0.121236 -0.803965 -0.024747 -0.014365 0.987132 -0.159259 80.561256 0.812928 0.104267 0.572954 0.030002 0.000000 0.000000 0.000000 1.000000
0.572316 -0.144569 -0.807189 0.316506 0.008191 0.985296 -0.170660 80.595001 0.819992 0.091060 0.565085 -0.506761 0.000000 0.000000 0.000000 1.000000
0.563389 -0.168807 -0.808763 0.814286 0.031620 0.982593 -0.183062 80.590195 0.825587 0.077562 0.558919 -0.443139 0.000000 0.000000 0.000000 1.000000
0.553085 -0.192290 -0.810630 1.421686 0.054404 0.979259 -0.195171 80.562691 0.831347 0.063845 0.552075 -0.045597 0.000000 0.000000 0.000000 1.000000
0.539171 -0.213304 -0.814737 2.065571 0.074996 0.975712 -0.205819 80.486160 0.838851 0.049870 0.542072 0.710337 0.000000 0.000000 0.000000 1.000000
0.519438 -0.230094 -0.822946 2.628344 0.091868 0.972520 -0.213927 80.329781 0.849555 0.035520 0.526303 1.842190 0.000000 0.000000 0.000000 1.000000
0.488286 -0.239338 -0.839222 2.806762 0.101196 0.970698 -0.217955 79.936707 0.866796 0.021498 0.498199 3.789595 0.000000 0.000000 0.000000 1.000000
0.462714 -0.263442 -0.846459 2.721207 0.112194 0.964550 -0.238865 79.519691 0.879379 0.015558 0.475868 6.177834 0.000000 0.000000 0.000000 1.000000
0.442560 -0.286415 -0.849769 2.517342 0.111697 0.957848 -0.264671 78.985344 0.889755 0.022217 0.455897 8.646109 0.000000 0.000000 0.000000 1.000000
0.448329 -0.305163 -0.840164 2.582677 0.107018 0.951484 -0.288489 78.328362 0.887439 0.039425 0.459236 11.273886 0.000000 0.000000 0.000000 1.000000
0.486435 -0.313647 -0.815479 3.049411 0.098214 0.947059 -0.305670 77.662941 0.868179 0.068597 0.491487 14.110352 0.000000 0.000000 0.000000 1.000000
0.544412 -0.294864 -0.785284 3.655107 0.076004 0.949668 -0.303897 77.496834 0.835368 0.105761 0.539421 17.098831 0.000000 0.000000 0.000000 1.000000
0.624348 -0.251392 -0.739589 4.133236 0.039575 0.955763 -0.291462 77.569550 0.780143 0.152704 0.606678 20.490414 0.000000 0.000000 0.000000 1.000000
0.723949 -0.187310 -0.663938 4.434676 -0.006779 0.960454 -0.278355 77.674805 0.689821 0.206016 0.694050 24.342567 0.000000 0.000000 0.000000 1.000000
0.847102 -0.113663 -0.519133 4.634260 -0.032181 0.964095 -0.263599 76.843422 0.530456 0.240002 0.813029 28.657179 0.000000 0.000000 0.000000 1.000000
0.940261 -0.052475 -0.336386 4.941212 -0.035110 0.967837 -0.249118 75.188065 0.338639 0.246046 0.908177 32.539791 0.000000 0.000000 0.000000 1.000000
0.985633 -0.041602 -0.163694 5.164558 0.001105 0.970757 -0.240061 73.175011 0.168895 0.236432 0.956857 35.233387 0.000000 0.000000 0.000000 1.000000
0.998748 -0.049846 -0.004326 5.281405 0.047521 0.972099 -0.229707 71.262550 0.015655 0.229214 0.973250 37.491241 0.000000 0.000000 0.000000 1.000000
0.991204 -0.049048 0.122919 5.234037 0.077775 0.967363 -0.241162 69.996445 -0.107079 0.248601 0.962669 39.639362 0.000000 0.000000 0.000000 1.000000
0.975691 -0.032049 0.216796 5.088120 0.091835 0.957996 -0.271680 69.337440 -0.198983 0.284985 0.937651 41.619217 0.000000 0.000000 0.000000 1.000000
0.959243 -0.008740 0.282448 4.846505 0.100927 0.944193 -0.313551 69.026558 -0.263945 0.329278 0.906592 43.265030 0.000000 0.000000 0.000000 1.000000
0.947489 0.015921 0.319391 4.518605 0.106621 0.925884 -0.362451 68.975578 -0.301490 0.377472 0.875568 44.461117 0.000000 0.000000 0.000000 1.000000
0.940557 0.042618 0.336953 4.123133 0.108451 0.902473 -0.416871 69.107101 -0.321857 0.428634 0.844205 45.374332 0.000000 0.000000 0.000000 1.000000
0.934687 0.070069 0.348497 3.719495 0.109890 0.875403 -0.470738 69.263390 -0.338060 0.478289 0.810528 46.203114 0.000000 0.000000 0.000000 1.000000
0.930001 0.097225 0.354466 3.331101 0.110382 0.845990 -0.521648 69.425117 -0.350592 0.524260 0.776039 46.932850 0.000000 0.000000 0.000000 1.000000
0.928679 0.121444 0.350438 3.010040 0.106288 0.818093 -0.565178 69.602600 -0.355328 0.562117 0.746838 47.428097 0.000000 0.000000 0.000000 1.000000
0.938847 0.133170 0.317541 2.961017 0.083657 0.806342 -0.585504 69.859985 -0.334018 0.576263 0.745891 47.153477 0.000000 0.000000 0.000000 1.000000
0.950818 0.140674 0.275965 2.989495 0.055382 0.799362 -0.598293 70.138672 -0.304760 0.584151 0.752256 46.662239 0.000000 0.000000 0.000000 1.000000
0.963596 0.143461 0.225613 3.090283 0.022877 0.796512 -0.604190 70.431160 -0.266381 0.587356 0.764234 45.983097 0.000000 0.000000 0.000000 1.000000
0.979096 0.134389 0.152681 3.379894 -0.017695 0.804073 -0.594267 70.743408 -0.202629 0.579143 0.789642 44.840805 0.000000 0.000000 0.000000 1.000000
0.990779 0.117282 0.067838 3.735778 -0.056873 0.814455 -0.577433 70.988785 -0.122974 0.568250 0.813615 43.540939 0.000000 0.000000 0.000000 1.000000
0.994819 0.079374 -0.063516 4.256042 -0.101055 0.840090 -0.532951 71.063362 0.011057 0.536609 0.843759 41.575424 0.000000 0.000000 0.000000 1.000000
0.969770 0.058973 -0.236787 4.496951 -0.164596 0.874458 -0.456324 71.095062 0.180150 0.481504 0.857730 39.457687 0.000000 0.000000 0.000000 1.000000
0.909900 0.040864 -0.412809 4.708223 -0.207059 0.907043 -0.366605 71.356865 0.359455 0.419050 0.833780 37.114983 0.000000 0.000000 0.000000 1.000000
0.842112 0.017050 -0.539033 4.526880 -0.201741 0.936893 -0.285538 72.571304 0.500147 0.349200 0.792409 34.218510 0.000000 0.000000 0.000000 1.000000
0.788108 -0.018260 -0.615265 4.054260 -0.175280 0.951520 -0.252759 73.862823 0.590053 0.307045 0.746700 30.509336 0.000000 0.000000 0.000000 1.000000
0.753492 -0.054957 -0.655156 3.576508 -0.142706 0.959071 -0.244577 74.980103 0.641783 0.277781 0.714809 26.480719 0.000000 0.000000 0.000000 1.000000
0.721267 -0.089286 -0.686878 3.090987 -0.109100 0.964634 -0.239953 76.094490 0.684011 0.248009 0.686018 22.260130 0.000000 0.000000 0.000000 1.000000
0.690957 -0.119268 -0.712989 2.603849 -0.077045 0.968528 -0.236679 77.140755 0.718778 0.218467 0.660023 18.009529 0.000000 0.000000 0.000000 1.000000
0.663243 -0.141390 -0.734927 2.081292 -0.050759 0.971232 -0.232661 77.958282 0.746681 0.191615 0.636986 13.979111 0.000000 0.000000 0.000000 1.000000
0.633755 -0.150859 -0.758681 1.537805 -0.033506 0.974524 -0.221767 78.629410 0.772808 0.165966 0.612554 10.336366 0.000000 0.000000 0.000000 1.000000
0.616899 -0.147743 -0.773051 1.153330 -0.027063 0.977660 -0.208444 79.091652 0.786577 0.149510 0.599119 7.839709 0.000000 0.000000 0.000000 1.000000
0.605746 -0.142208 -0.782846 0.831664 -0.022968 0.980363 -0.195860 79.488190 0.795326 0.136621 0.590585 5.723972 0.000000 0.000000 0.000000 1.000000
0.597918 -0.135316 -0.790053 0.545690 -0.020261 0.982781 -0.183659 79.846222 0.801301 0.125820 0.584881 3.826750 0.000000 0.000000 0.000000 1.000000
0.590927 -0.128056 -0.796497 0.268658 -0.017767 0.985016 -0.171546 80.195290 0.806530 0.115522 0.579797 1.982924 0.000000 0.000000 0.000000 1.000000
0.582187 -0.121236 -0.803965 -0.024744 -0.014365 0.987132 -0.159259 80.561256 0.812928 0.104268 0.572954 0.030003 0.000000 0.000000 0.000000 1.000000</float_array>
        <technique_common>
          <accessor source="#mixamorig_Hips-Matrix-animation-output-transform-array" count="46" stride="16">
            <param type="float4x4"/>
          </accessor>
        </technique_common>
      </source>
      <source id="mixamorig_Hips-Interpolations">
        <Name_array id="mixamorig_Hips-Interpolations-array" count="46">
 LINEAR LINEAR LINEAR LINEAR LINEAR LINEAR LINEAR LINEAR LINEAR LINEAR LINEAR
LINEAR LINEAR LINEAR LINEAR LINEAR LINEAR LINEAR LINEAR LINEAR LINEAR LINEAR LINEAR
LINEAR LINEAR LINEAR LINEAR LINEAR LINEAR LINEAR LINEAR LINEAR LINEAR LINEAR LINEAR
LINEAR LINEAR LINEAR LINEAR LINEAR LINEAR LINEAR LINEAR LINEAR LINEAR LINEAR</Name_array>
        <technique_common>
          <accessor source="#mixamorig_Hips-Interpolations-array" count="46">
            <param type="name"/>
          </accessor>
        </technique_common>
      </source>
      <sampler id="mixamorig_Hips-Matrix-animation-transform">
        <input semantic="INPUT" source="#mixamorig_Hips-Matrix-animation-input"/>
        <input semantic="OUTPUT" source="#mixamorig_Hips-Matrix-animation-output-transform"/>
        <input semantic="INTERPOLATION" source="#mixamorig_Hips-Interpolations"/>
      </sampler>
      <channel source="#mixamorig_Hips-Matrix-animation-transform" target="mixamorig_Hips/matrix"/>
    </animation>
    <animation id="mixamorig_Spine-anim" name="mixamorig_Spine">
      <source id="mixamorig_Spine-Matrix-animation-input">
        <float_array id="mixamorig_Spine-Matrix-animation-input-array" count="46">

0.000000 0.033333 0.066667 0.100000 0.133333 0.166667 0.200000 0.233333 0.266667 0.300000 0.333333 0.366667 0.400000 0.433333 0.466667 0.500000
0.533333 0.566667 0.600000 0.633333 0.666667 0.700000 0.733333 0.766667 0.800000 0.833333 0.866667 0.900000 0.933333 0.966667 1.000000 1.033333
1.066667 1.100000 1.133333 1.166667 1.200000 1.233333 1.266667 1.300000 1.333333 1.366667 1.400000 1.433333 1.466667 1.500000</float_array>
        <technique_common>
          <accessor source="#mixamorig_Spine-Matrix-animation-input-array" count="46">
            <param name="TIME" type="float"/>
          </accessor>
        </technique_common>
      </source>
      <source id="mixamorig_Spine-Matrix-animation-output-transform">
        <float_array id="mixamorig_Spine-Matrix-animation-output-transform-array" count="736">

0.996514 0.049266 0.067321 0.017300 -0.047750 0.998572 -0.023939 10.574800 -0.068404 0.020641 0.997444 -1.117200 0.000000 0.000000 0.000000 1.000000
0.997776 0.028803 0.060114 0.017300 -0.027633 0.999414 -0.020200 10.574800 -0.060661 0.018494 0.997987 -1.117200 0.000000 0.000000 0.000000 1.000000
0.999119 0.009572 0.040861 0.017300 -0.008594 0.999674 -0.024041 10.574800 -0.041078 0.023669 0.998876 -1.117200 0.000000 0.000000 0.000000 1.000000
0.999877 -0.008165 0.013402 0.017300 0.008649 0.999297 -0.036489 10.574800 -0.013095 0.036601 0.999244 -1.117200 0.000000 0.000000 0.000000 1.000000
0.999540 -0.024142 -0.018372 0.017300 0.023160 0.998382 -0.051935 10.574800 0.019596 0.051485 0.998481 -1.117200 0.000000 0.000000 0.000000 1.000000
0.997995 -0.038077 -0.050563 0.017300 0.034762 0.997287 -0.064888 10.574800 0.052897 0.063000 0.996611 -1.117200 0.000000 0.000000 0.000000 1.000000
0.995612 -0.049709 -0.079278 0.017300 0.044488 0.996806 -0.066323 10.574800 0.082322 0.062505 0.994644 -1.117200 0.000000 0.000000 0.000000 1.000000
0.992356 -0.058741 -0.108532 0.017300 0.053951 0.997458 -0.046557 10.574800 0.110991 0.040346 0.993002 -1.117200 0.000000 0.000000 0.000000 1.000000
0.989028 -0.064975 -0.132675 0.017300 0.062383 0.997773 -0.023607 10.574800 0.133913 0.015072 0.990878 -1.117200 0.000000 0.000000 0.000000 1.000000
0.986379 -0.068293 -0.149643 0.017300 0.069033 0.997614 -0.000245 10.574800 0.149303 -0.010088 0.988740 -1.117200 0.000000 0.000000 0.000000 1.000000
0.985305 -0.067405 -0.156940 0.017300 0.072160 0.997085 0.024793 10.574800 0.154811 -0.035754 0.987297 -1.117200 0.000000 0.000000 0.000000 1.000000
0.988837 -0.057944 -0.137274 0.017300 0.061736 0.997815 0.023532 10.574800 0.135611 -0.031744 0.990254 -1.117200 0.000000 0.000000 0.000000 1.000000
0.995107 -0.043171 -0.088877 0.017300 0.044536 0.998917 0.013431 10.574800 0.088201 -0.017324 0.995952 -1.117200 0.000000 0.000000 0.000000 1.000000
0.999515 -0.026427 -0.016454 0.017300 0.026366 0.999645 -0.003868 10.574800 0.016551 0.003432 0.999857 -1.117200 0.000000 0.000000 0.000000 1.000000
0.998505 -0.004705 0.054462 0.017300 0.006384 0.999508 -0.030705 10.574800 -0.054291 0.031007 0.998044 -1.117200 0.000000 0.000000 0.000000 1.000000
0.994381 0.026040 0.102610 0.017300 -0.019248 0.997592 -0.066636 10.574800 -0.104098 0.064287 0.992487 -1.117200 0.000000 0.000000 0.000000 1.000000
0.988924 0.078953 0.125685 0.017300 -0.064412 0.991178 -0.115832 10.574800 -0.133721 0.106453 0.985285 -1.117200 0.000000 0.000000 0.000000 1.000000
0.980161 0.136521 0.143689 0.017300 -0.112194 0.979791 -0.165596 10.574800 -0.163392 0.146190 0.975670 -1.117200 0.000000 0.000000 0.000000 1.000000
0.967076 0.177626 0.182243 0.017300 -0.140845 0.970021 -0.198048 10.574800 -0.211958 0.165859 0.963102 -1.117200 0.000000 0.000000 0.000000 1.000000
0.948522 0.203862 0.242376 0.017300 -0.152584 0.964768 -0.214337 10.574800 -0.277532 0.166321 0.946210 -1.117200 0.000000 0.000000 0.000000 1.000000
0.929283 0.228609 0.290122 0.017300 -0.165812 0.960055 -0.225390 10.574800 -0.330059 0.161345 0.930069 -1.117200 0.000000 0.000000 0.000000 1.000000
0.915038 0.255093 0.312462 0.017300 -0.186242 0.954308 -0.233689 10.574800 -0.357797 0.155641 0.920737 -1.117200 0.000000 0.000000 0.000000 1.000000
0.904052 0.280636 0.322387 0.017300 -0.209449 0.948363 -0.238199 10.574800 -0.372587 0.147821 0.916148 -1.117200 0.000000 0.000000 0.000000 1.000000
0.893454 0.305547 0.329212 0.017300 -0.232943 0.941898 -0.242004 10.574800 -0.384027 0.139532 0.912718 -1.117200 0.000000 0.000000 0.000000 1.000000
0.883485 0.329136 0.333352 0.017300 -0.255948 0.935137 -0.244968 10.574800 -0.392357 0.131105 0.910421 -1.117200 0.000000 0.000000 0.000000 1.000000
0.876324 0.348869 0.332185 0.017300 -0.276975 0.929096 -0.245084 10.574800 -0.394133 0.122766 0.910817 -1.117200 0.000000 0.000000 0.000000 1.000000
0.880151 0.355477 0.314595 0.017300 -0.290748 0.927573 -0.234678 10.574800 -0.375232 0.115084 0.919759 -1.117200 0.000000 0.000000 0.000000 1.000000
0.886580 0.358439 0.292400 0.017300 -0.302028 0.927329 -0.220996 10.574800 -0.350365 0.107618 0.930410 -1.117200 0.000000 0.000000 0.000000 1.000000
0.894604 0.358630 0.266584 0.017300 -0.311003 0.928070 -0.204848 10.574800 -0.320874 0.100350 0.941791 -1.117200 0.000000 0.000000 0.000000 1.000000
0.906509 0.352220 0.232772 0.017300 -0.314565 0.931223 -0.184043 10.574800 -0.281586 0.093614 0.954958 -1.117200 0.000000 0.000000 0.000000 1.000000
0.917848 0.343347 0.199168 0.017300 -0.314340 0.935131 -0.163466 10.574800 -0.242374 0.087430 0.966235 -1.117200 0.000000 0.000000 0.000000 1.000000
0.929113 0.332171 0.162514 0.017300 -0.310847 0.939591 -0.143330 10.574800 -0.200307 0.082653 0.976241 -1.117200 0.000000 0.000000 0.000000 1.000000
0.938912 0.318906 0.129394 0.017300 -0.302140 0.943830 -0.133779 10.574800 -0.164789 0.086512 0.982528 -1.117200 0.000000 0.000000 0.000000 1.000000
0.948579 0.303732 0.089129 0.017300 -0.291288 0.947794 -0.129761 10.574800 -0.123889 0.097126 0.987531 -1.117200 0.000000 0.000000 0.000000 1.000000
0.956193 0.286911 0.058118 0.017300 -0.278597 0.952848 -0.120268 10.574800 -0.089884 0.098808 0.991039 -1.117200 0.000000 0.000000 0.000000 1.000000
0.962707 0.268637 0.032083 0.017300 -0.264492 0.959469 -0.097278 10.574800 -0.056915 0.085164 0.994740 -1.117200 0.000000 0.000000 0.000000 1.000000
0.968314 0.249114 0.017592 0.017300 -0.247276 0.966260 -0.072086 10.574800 -0.034956 0.065452 0.997243 -1.117200 0.000000 0.000000 0.000000 1.000000
0.973549 0.228436 0.004271 0.017300 -0.228009 0.972582 -0.045778 10.574800 -0.014612 0.043593 0.998942 -1.117200 0.000000 0.000000 0.000000 1.000000
0.978362 0.206845 -0.004776 0.017300 -0.206900 0.978067 -0.024020 10.574800 -0.000297 0.024489 0.999700 -1.117200 0.000000 0.000000 0.000000 1.000000
0.982821 0.184555 -0.001226 0.017300 -0.184549 0.982683 -0.016603 10.574800 -0.001859 0.016544 0.999861 -1.117200 0.000000 0.000000 0.000000 1.000000
0.986790 0.161743 0.009234 0.017300 -0.161463 0.986547 -0.025599 10.574800 -0.013250 0.023770 0.999630 -1.117200 0.000000 0.000000 0.000000 1.000000
0.990050 0.139175 0.020772 0.017300 -0.138514 0.989893 -0.030431 10.574800 -0.024798 0.027251 0.999321 -1.117200 0.000000 0.000000 0.000000 1.000000
0.992639 0.116700 0.032373 0.017300 -0.115703 0.992796 -0.031136 10.574800 -0.035773 0.027161 0.998991 -1.117200 0.000000 0.000000 0.000000 1.000000
0.994577 0.094230 0.044025 0.017300 -0.092998 0.995236 -0.029259 10.574800 -0.046572 0.025007 0.998602 -1.117200 0.000000 0.000000 0.000000 1.000000
0.995865 0.071787 0.055670 0.017300 -0.070408 0.997170 -0.026349 10.574800 -0.057404 0.022320 0.998102 -1.117200 0.000000 0.000000 0.000000 1.000000
0.996514 0.049266 0.067321 0.017300 -0.047750 0.998572 -0.023939 10.574800 -0.068404 0.020641 0.997444 -1.117200 0.000000 0.000000 0.000000 1.000000</float_array>
        <technique_common>
          <accessor source="#mixamorig_Spine-Matrix-animation-output-transform-array" count="46" stride="16">
            <param type="float4x4"/>
          </accessor>
        </technique_common>
      </source>
      <source id="mixamorig_Spine-Interpolations">
        <Name_array id="mixamorig_Spine-Interpolations-array" count="46">
 LINEAR LINEAR LINEAR LINEAR LINEAR LINEAR LINEAR LINEAR LINEAR LINEAR LINEAR
LINEAR LINEAR LINEAR LINEAR LINEAR LINEAR LINEAR LINEAR LINEAR LINEAR LINEAR LINEAR
LINEAR LINEAR LINEAR LINEAR LINEAR LINEAR LINEAR LINEAR LINEAR LINEAR LINEAR LINEAR
LINEAR LINEAR LINEAR LINEAR LINEAR LINEAR LINEAR LINEAR LINEAR LINEAR LINEAR</Name_array>
        <technique_common>
          <accessor source="#mixamorig_Spine-Interpolations-array" count="46">
            <param type="name"/>
          </accessor>
        </technique_common>
      </source>
      <sampler id="mixamorig_Spine-Matrix-animation-transform">
        <input semantic="INPUT" source="#mixamorig_Spine-Matrix-animation-input"/>
        <input semantic="OUTPUT" source="#mixamorig_Spine-Matrix-animation-output-transform"/>
        <input semantic="INTERPOLATION" source="#mixamorig_Spine-Interpolations"/>
      </sampler>
      <channel source="#mixamorig_Spine-Matrix-animation-transform" target="mixamorig_Spine/matrix"/>
    </animation>
    <animation id="mixamorig_Spine1-anim" name="mixamorig_Spine1">
      <source id="mixamorig_Spine1-Matrix-animation-input">
        <float_array id="mixamorig_Spine1-Matrix-animation-input-array" count="46">

0.000000 0.033333 0.066667 0.100000 0.133333 0.166667 0.200000 0.233333 0.266667 0.300000 0.333333 0.366667 0.400000 0.433333 0.466667 0.500000
0.533333 0.566667 0.600000 0.633333 0.666667 0.700000 0.733333 0.766667 0.800000 0.833333 0.866667 0.900000 0.933333 0.966667 1.000000 1.033333
1.066667 1.100000 1.133333 1.166667 1.200000 1.233333 1.266667 1.300000 1.333333 1.366667 1.400000 1.433333 1.466667 1.500000</float_array>
        <technique_common>
          <accessor source="#mixamorig_Spine1-Matrix-animation-input-array" count="46">
            <param name="TIME" type="float"/>
          </accessor>
        </technique_common>
      </source>
      <source id="mixamorig_Spine1-Matrix-animation-output-transform">
        <float_array id="mixamorig_Spine1-Matrix-animation-output-transform-array" count="736">

0.998869 -0.042936 0.020427 -0.000000 0.043367 0.998836 -0.021132 12.406000 -0.019496 0.021994 0.999568 -0.000000 0.000000 0.000000 0.000000 1.000000
0.999046 -0.039577 0.018446 0.000000 0.039770 0.999156 -0.010264 12.406000 -0.018024 0.010988 0.999777 -0.000000 0.000000 0.000000 0.000000 1.000000
0.999436 -0.030891 0.013184 0.000000 0.030822 0.999510 0.005429 12.406000 -0.013345 -0.005019 0.999898 -0.000000 0.000000 0.000000 0.000000 1.000000
0.999804 -0.018969 0.005664 -0.000000 0.018907 0.999763 0.010772 12.406000 -0.005867 -0.010663 0.999926 -0.000000 0.000000 0.000000 0.000000 1.000000
0.999978 -0.005905 -0.003086 0.000000 0.005947 0.999886 0.013871 12.406000 0.003004 -0.013889 0.999899 0.000000 0.000000 0.000000 0.000000 1.000000
0.999908 0.006206 -0.012032 0.000000 -0.006005 0.999844 0.016621 12.406000 0.012133 -0.016547 0.999789 0.000000 0.000000 0.000000 0.000000 1.000000
0.999681 0.015266 -0.020140 -0.000000 -0.014899 0.999723 0.018238 12.406000 0.020413 -0.017933 0.999631 0.000000 0.000000 0.000000 0.000000 1.000000
0.999396 0.019437 -0.028801 0.000000 -0.018826 0.999595 0.021338 12.406000 0.029204 -0.020783 0.999357 0.000000 0.000000 0.000000 0.000000 1.000000
0.999084 0.022779 -0.036238 0.000000 -0.021940 0.999486 0.023382 12.406000 0.036752 -0.022566 0.999070 0.000000 0.000000 0.000000 0.000000 1.000000
0.998822 0.024751 -0.041735 0.000000 -0.023706 0.999398 0.025345 12.406000 0.042337 -0.024326 0.998807 -0.000000 0.000000 0.000000 0.000000 1.000000
0.998684 0.026005 -0.044210 0.000000 -0.024761 0.999289 0.028449 12.406000 0.044918 -0.027317 0.998617 0.000000 0.000000 0.000000 0.000000 1.000000
0.999029 0.021545 -0.038424 -0.000000 -0.020454 0.999383 0.028547 12.406000 0.039015 -0.027733 0.998854 0.000000 0.000000 0.000000 0.000000 1.000000
0.999616 0.012122 -0.024902 0.000000 -0.011367 0.999478 0.030229 12.406000 0.025255 -0.029934 0.999233 0.000000 0.000000 0.000000 0.000000 1.000000
0.999986 -0.000731 -0.005172 -0.000000 0.000903 0.999446 0.033267 12.406000 0.005145 -0.033271 0.999433 -0.000000 0.000000 0.000000 0.000000 1.000000
0.999844 -0.010580 0.014116 0.000000 0.010147 0.999485 0.030442 12.406000 -0.014431 -0.030294 0.999437 0.000000 0.000000 0.000000 0.000000 1.000000
0.999506 -0.011128 0.029398 0.000000 0.010414 0.999650 0.024324 12.406000 -0.029659 -0.024006 0.999272 -0.000000 0.000000 0.000000 0.000000 1.000000
0.999191 -0.005803 0.039785 0.000000 0.005289 0.999901 0.013011 12.406000 -0.039856 -0.012790 0.999124 -0.000000 0.000000 0.000000 0.000000 1.000000
0.998786 0.002301 0.049196 -0.000000 -0.002295 0.999997 -0.000175 12.406000 -0.049197 0.000062 0.998789 0.000000 0.000000 0.000000 0.000000 1.000000
0.997961 0.011645 0.062753 0.000000 -0.010846 0.999856 -0.013059 12.406000 -0.062896 0.012352 0.997944 0.000000 0.000000 0.000000 0.000000 1.000000
0.996455 0.022822 0.080968 -0.000000 -0.020741 0.999435 -0.026454 12.406000 -0.081526 0.024681 0.996366 0.000000 0.000000 0.000000 0.000000 1.000000
0.994858 0.034473 0.095233 -0.000000 -0.030938 0.998785 -0.038349 12.406000 -0.096440 0.035205 0.994716 0.000000 0.000000 0.000000 0.000000 1.000000
0.993749 0.045551 0.101917 -0.000000 -0.040898 0.998044 -0.047290 12.406000 -0.103872 0.042826 0.993668 0.000000 0.000000 0.000000 0.000000 1.000000
0.992927 0.056163 0.104604 0.000000 -0.050661 0.997226 -0.054532 12.406000 -0.107376 0.048847 0.993018 0.000000 0.000000 0.000000 0.000000 1.000000
0.992093 0.066597 0.106378 0.000000 -0.060301 0.996293 -0.061344 12.406000 -0.110069 0.054444 0.992432 0.000000 0.000000 0.000000 0.000000 1.000000
0.991254 0.076662 0.107418 0.000000 -0.069649 0.995279 -0.067587 12.406000 -0.112092 0.059514 0.991914 0.000000 0.000000 0.000000 0.000000 1.000000
0.990575 0.085576 0.106947 -0.000000 -0.078104 0.994326 -0.072216 12.406000 -0.112521 0.063183 0.991639 0.000000 0.000000 0.000000 0.000000 1.000000
0.990708 0.090305 0.101701 0.000000 -0.083314 0.993989 -0.071023 12.406000 -0.107503 0.061890 0.992277 -0.000000 0.000000 0.000000 0.000000 1.000000
0.991041 0.093727 0.095144 0.000000 -0.087452 0.993837 -0.068114 12.406000 -0.100942 0.059183 0.993130 -0.000000 0.000000 0.000000 0.000000 1.000000
0.991572 0.095486 0.087563 0.000000 -0.090087 0.993897 -0.063668 12.406000 -0.093108 0.055243 0.994122 0.000000 0.000000 0.000000 0.000000 1.000000
0.992701 0.092259 0.077666 0.000000 -0.088082 0.994560 -0.055598 12.406000 -0.082373 0.048352 0.995428 0.000000 0.000000 0.000000 0.000000 1.000000
0.994139 0.084318 0.067655 0.000000 -0.081263 0.995597 -0.046713 12.406000 -0.071296 0.040941 0.996615 0.000000 0.000000 0.000000 0.000000 1.000000
0.996283 0.065121 0.056391 0.000000 -0.063223 0.997392 -0.034825 12.406000 -0.058512 0.031130 0.997801 0.000000 0.000000 0.000000 0.000000 1.000000
0.997533 0.052030 0.047126 0.000000 -0.050868 0.998379 -0.025536 12.406000 -0.048379 0.023075 0.998562 0.000000 0.000000 0.000000 0.000000 1.000000
0.998372 0.044211 0.036026 0.000000 -0.043700 0.998934 -0.014857 12.406000 -0.036644 0.013258 0.999240 0.000000 0.000000 0.000000 0.000000 1.000000
0.998950 0.037594 0.026200 -0.000000 -0.037398 0.999269 -0.007934 12.406000 -0.026479 0.006946 0.999625 -0.000000 0.000000 0.000000 0.000000 1.000000
0.999262 0.033318 0.019117 0.000000 -0.033260 0.999441 -0.003356 12.406000 -0.019218 0.002717 0.999812 0.000000 0.000000 0.000000 0.000000 1.000000
0.999410 0.031575 0.013552 0.000000 -0.031586 0.999501 0.000636 12.406000 -0.013525 -0.001064 0.999908 0.000000 0.000000 0.000000 0.000000 1.000000
0.999475 0.031315 0.008276 0.000000 -0.031360 0.999494 0.005360 12.406000 -0.008104 -0.005617 0.999951 -0.000000 0.000000 0.000000 0.000000 1.000000
0.999494 0.031512 0.004412 0.000000 -0.031553 0.999456 0.009589 12.406000 -0.004108 -0.009724 0.999944 0.000000 0.000000 0.000000 0.000000 1.000000
0.999508 0.031035 0.004644 0.000000 -0.031088 0.999446 0.011864 12.406000 -0.004273 -0.012002 0.999919 -0.000000 0.000000 0.000000 0.000000 1.000000
0.999576 0.028225 0.007140 0.000000 -0.028303 0.999537 0.011163 12.406000 -0.006821 -0.011360 0.999912 0.000000 0.000000 0.000000 0.000000 1.000000
0.999802 0.017317 0.009822 0.000000 -0.017378 0.999830 0.006137 12.406000 -0.009714 -0.006306 0.999933 0.000000 0.000000 0.000000 0.000000 1.000000
0.999916 0.003498 0.012486 0.000000 -0.003496 0.999994 -0.000210 12.406000 -0.012487 0.000166 0.999922 0.000000 0.000000 0.000000 0.000000 1.000000
0.999814 -0.011984 0.015139 -0.000000 0.012095 0.999900 -0.007267 12.406000 -0.015050 0.007449 0.999859 0.000000 0.000000 0.000000 0.000000 1.000000
0.999453 -0.027879 0.017784 0.000000 0.028137 0.999500 -0.014436 12.406000 -0.017372 0.014928 0.999738 0.000000 0.000000 0.000000 0.000000 1.000000
0.998869 -0.042936 0.020427 -0.000000 0.043367 0.998836 -0.021132 12.406000 -0.019496 0.021994 0.999568 -0.000000 0.000000 0.000000 0.000000 1.000000</float_array>
        <technique_common>
          <accessor source="#mixamorig_Spine1-Matrix-animation-output-transform-array" count="46" stride="16">
            <param type="float4x4"/>
          </accessor>
        </technique_common>
      </source>
      <source id="mixamorig_Spine1-Interpolations">
        <Name_array id="mixamorig_Spine1-Interpolations-array" count="46">
 LINEAR LINEAR LINEAR LINEAR LINEAR LINEAR LINEAR LINEAR LINEAR LINEAR LINEAR
LINEAR LINEAR LINEAR LINEAR LINEAR LINEAR LINEAR LINEAR LINEAR LINEAR LINEAR LINEAR
LINEAR LINEAR LINEAR LINEAR LINEAR LINEAR LINEAR LINEAR LINEAR LINEAR LINEAR LINEAR
LINEAR LINEAR LINEAR LINEAR LINEAR LINEAR LINEAR LINEAR LINEAR LINEAR LINEAR</Name_array>
        <technique_common>
          <accessor source="#mixamorig_Spine1-Interpolations-array" count="46">
            <param type="name"/>
          </accessor>
        </technique_common>
      </source>
      <sampler id="mixamorig_Spine1-Matrix-animation-transform">
        <input semantic="INPUT" source="#mixamorig_Spine1-Matrix-animation-input"/>
        <input semantic="OUTPUT" source="#mixamorig_Spine1-Matrix-animation-output-transform"/>
        <input semantic="INTERPOLATION" source="#mixamorig_Spine1-Interpolations"/>
      </sampler>
      <channel source="#mixamorig_Spine1-Matrix-animation-transform" target="mixamorig_Spine1/matrix"/>
    </animation>
    <animation id="mixamorig_Spine2-anim" name="mixamorig_Spine2">
      <source id="mixamorig_Spine2-Matrix-animation-input">
        <float_array id="mixamorig_Spine2-Matrix-animation-input-array" count="46">

0.000000 0.033333 0.066667 0.100000 0.133333 0.166667 0.200000 0.233333 0.266667 0.300000 0.333333 0.366667 0.400000 0.433333 0.466667 0.500000
0.533333 0.566667 0.600000 0.633333 0.666667 0.700000 0.733333 0.766667 0.800000 0.833333 0.866667 0.900000 0.933333 0.966667 1.000000 1.033333
1.066667 1.100000 1.133333 1.166667 1.200000 1.233333 1.266667 1.300000 1.333333 1.366667 1.400000 1.433333 1.466667 1.500000</float_array>
        <technique_common>
          <accessor source="#mixamorig_Spine2-Matrix-animation-input-array" count="46">
            <param name="TIME" type="float"/>
          </accessor>
        </technique_common>
      </source>
      <source id="mixamorig_Spine2-Matrix-animation-output-transform">
        <float_array id="mixamorig_Spine2-Matrix-animation-output-transform-array" count="736">

0.999542 -0.019835 0.022868 0.000000 0.022207 0.993834 -0.108633 14.178300 -0.020572 0.109091 0.993819 0.000000 0.000000 0.000000 0.000000 1.000000
0.999597 -0.018986 0.021116 -0.000000 0.021019 0.994701 -0.100639 14.178300 -0.019094 0.101043 0.994699 0.000000 0.000000 0.000000 0.000000 1.000000
0.999767 -0.014383 0.016087 -0.000000 0.015771 0.995839 -0.089755 14.178300 -0.014729 0.089988 0.995834 0.000000 0.000000 0.000000 0.000000 1.000000
0.999951 -0.005277 0.008364 0.000000 0.005995 0.996073 -0.088336 14.178300 -0.007865 0.088382 0.996056 0.000000 0.000000 0.000000 0.000000 1.000000
0.999990 0.004470 -0.000977 0.000000 -0.004539 0.996039 -0.088805 14.178300 0.000576 0.088809 0.996049 0.000000 0.000000 0.000000 0.000000 1.000000
0.999879 0.011149 -0.010878 0.000000 -0.012070 0.995997 -0.088573 14.178300 0.009847 0.088694 0.996010 0.000000 0.000000 0.000000 0.000000 1.000000
0.999683 0.014445 -0.020637 0.000000 -0.016189 0.996074 -0.087027 14.178300 0.019299 0.087333 0.995992 -0.000000 0.000000 0.000000 0.000000 1.000000
0.999406 0.017181 -0.029886 0.000000 -0.019639 0.996272 -0.083998 14.178300 0.028331 0.084535 0.996018 -0.000000 0.000000 0.000000 0.000000 1.000000
0.999096 0.019181 -0.037941 0.000000 -0.022243 0.996385 -0.081988 14.178300 0.036231 0.082757 0.995911 -0.000000 0.000000 0.000000 0.000000 1.000000
0.998829 0.020292 -0.043918 0.000000 -0.023758 0.996519 -0.079908 14.178300 0.042144 0.080858 0.995834 0.000000 0.000000 0.000000 0.000000 1.000000
0.998714 0.020413 -0.046403 0.000000 -0.023959 0.996728 -0.077201 14.178300 0.044676 0.078213 0.995935 0.000000 0.000000 0.000000 0.000000 1.000000
0.999057 0.016513 -0.040156 0.000000 -0.019481 0.997017 -0.074686 14.178300 0.038803 0.075398 0.996398 -0.000000 0.000000 0.000000 0.000000 1.000000
0.999633 0.008323 -0.025776 -0.000000 -0.010179 0.997298 -0.072748 14.178300 0.025101 0.072984 0.997017 0.000000 0.000000 0.000000 0.000000 1.000000
0.999984 -0.002737 -0.004935 0.000000 0.002375 0.997411 -0.071870 14.178300 0.005119 0.071857 0.997402 0.000000 0.000000 0.000000 0.000000 1.000000
0.999825 -0.010854 0.015223 0.000000 0.011961 0.997141 -0.074613 14.178300 -0.014370 0.074783 0.997096 0.000000 0.000000 0.000000 0.000000 1.000000
0.999478 -0.009890 0.030770 0.000000 0.012335 0.996693 -0.080312 14.178300 -0.029874 0.080650 0.996295 -0.000000 0.000000 0.000000 0.000000 1.000000
0.999152 -0.003345 0.041027 0.000000 0.007071 0.995823 -0.091031 14.178300 -0.040552 0.091244 0.995003 0.000000 0.000000 0.000000 0.000000 1.000000
0.998732 0.006016 0.049992 0.000000 -0.000804 0.994616 -0.103627 14.178300 -0.050346 0.103455 0.993359 0.000000 0.000000 0.000000 0.000000 1.000000
0.997887 0.017315 0.062620 0.000000 -0.009959 0.993207 -0.115934 14.178300 -0.064202 0.115066 0.991281 0.000000 0.000000 0.000000 0.000000 1.000000
0.996355 0.031245 0.079372 0.000000 -0.020836 0.991460 -0.128736 14.178300 -0.082717 0.126613 0.988497 -0.000000 0.000000 0.000000 0.000000 1.000000
0.994742 0.045065 0.091969 0.000000 -0.031853 0.989586 -0.140376 14.178300 -0.097337 0.136708 0.985818 0.000000 0.000000 0.000000 0.000000 1.000000
0.993629 0.057207 0.097097 -0.000000 -0.042265 0.987858 -0.149501 14.178300 -0.104471 0.144445 0.983982 0.000000 0.000000 0.000000 0.000000 1.000000
0.992799 0.068376 0.098362 0.000000 -0.052349 0.986183 -0.157169 14.178300 -0.107750 0.150888 0.982661 0.000000 0.000000 0.000000 0.000000 1.000000
0.991950 0.079253 0.098761 0.000000 -0.062279 0.984420 -0.164435 14.178300 -0.110254 0.156961 0.981431 -0.000000 0.000000 0.000000 0.000000 1.000000
0.991088 0.089661 0.098516 0.000000 -0.071886 0.982625 -0.171113 14.178300 -0.112146 0.162506 0.980314 -0.000000 0.000000 0.000000 0.000000 1.000000
0.990375 0.098701 0.097037 0.000000 -0.080520 0.981074 -0.176095 14.178300 -0.112581 0.166587 0.979579 0.000000 0.000000 0.000000 0.000000 1.000000
0.990498 0.102675 0.091498 0.000000 -0.085516 0.980859 -0.174937 14.178300 -0.107708 0.165450 0.980319 -0.000000 0.000000 0.000000 0.000000 1.000000
0.990840 0.105075 0.084821 -0.000000 -0.089313 0.981043 -0.171982 14.178300 -0.101284 0.162831 0.981441 0.000000 0.000000 0.000000 0.000000 1.000000
0.991421 0.105507 0.077150 0.000000 -0.091434 0.981631 -0.167454 14.178300 -0.093400 0.158964 0.982857 -0.000000 0.000000 0.000000 0.000000 1.000000
0.992685 0.100246 0.067288 -0.000000 -0.088498 0.983258 -0.159283 14.178300 -0.082129 0.152163 0.984937 -0.000000 0.000000 0.000000 0.000000 1.000000
0.994193 0.090541 0.058157 -0.000000 -0.080923 0.985285 -0.150545 14.178300 -0.070932 0.144965 0.986891 0.000000 0.000000 0.000000 0.000000 1.000000
0.996343 0.069776 0.049319 0.000000 -0.062322 0.988302 -0.139197 14.178300 -0.058455 0.135615 0.989036 -0.000000 0.000000 0.000000 0.000000 1.000000
0.997574 0.055640 0.041845 0.000000 -0.049780 0.990265 -0.129992 14.178300 -0.048670 0.127593 0.990632 0.000000 0.000000 0.000000 0.000000 1.000000
0.998401 0.046572 0.032044 0.000000 -0.042441 0.991948 -0.119320 14.178300 -0.037342 0.117769 0.992339 0.000000 0.000000 0.000000 0.000000 1.000000
0.998973 0.038925 0.023180 0.000000 -0.036083 0.993004 -0.112436 14.178300 -0.027394 0.111485 0.993389 0.000000 0.000000 0.000000 0.000000 1.000000
0.999284 0.033973 0.016631 0.000000 -0.031988 0.993662 -0.107760 14.178300 -0.020187 0.107151 0.994038 -0.000000 0.000000 0.000000 0.000000 1.000000
0.999437 0.031647 0.011183 0.000000 -0.030317 0.994132 -0.103839 14.178300 -0.014403 0.103441 0.994531 -0.000000 0.000000 0.000000 0.000000 1.000000
0.999510 0.030771 0.005782 0.000000 -0.030046 0.994604 -0.099296 14.178300 -0.008806 0.099073 0.995041 -0.000000 0.000000 0.000000 0.000000 1.000000
0.999533 0.030506 0.001711 0.000000 -0.030205 0.994993 -0.095270 14.178300 -0.004609 0.095173 0.995450 -0.000000 0.000000 0.000000 0.000000 1.000000
0.999548 0.030005 0.001833 0.000000 -0.029704 0.995213 -0.093103 14.178300 -0.004617 0.093007 0.995655 0.000000 0.000000 0.000000 0.000000 1.000000
0.999611 0.027532 0.004530 0.000000 -0.026987 0.995232 -0.093727 14.178300 -0.007089 0.093569 0.995588 0.000000 0.000000 0.000000 0.000000 1.000000
0.999768 0.020002 0.008001 -0.000000 -0.019139 0.995166 -0.096320 14.178300 -0.009889 0.096144 0.995318 0.000000 0.000000 0.000000 0.000000 1.000000
0.999874 0.010771 0.011646 0.000000 -0.009562 0.995011 -0.099308 14.178300 -0.012657 0.099184 0.994989 0.000000 0.000000 0.000000 0.000000 1.000000
0.999881 0.000569 0.015389 -0.000000 0.001011 0.994734 -0.102485 14.178300 -0.015366 0.102488 0.994616 0.000000 0.000000 0.000000 0.000000 1.000000
0.999768 -0.009876 0.019155 0.000000 0.011847 0.994332 -0.105655 14.178300 -0.018003 0.105858 0.994218 0.000000 0.000000 0.000000 0.000000 1.000000
0.999542 -0.019835 0.022868 0.000000 0.022207 0.993834 -0.108633 14.178300 -0.020572 0.109091 0.993819 0.000000 0.000000 0.000000 0.000000 1.000000</float_array>
        <technique_common>
          <accessor source="#mixamorig_Spine2-Matrix-animation-output-transform-array" count="46" stride="16">
            <param type="float4x4"/>
          </accessor>
        </technique_common>
      </source>
      <source id="mixamorig_Spine2-Interpolations">
        <Name_array id="mixamorig_Spine2-Interpolations-array" count="46">
 LINEAR LINEAR LINEAR LINEAR LINEAR LINEAR LINEAR LINEAR LINEAR LINEAR LINEAR
LINEAR LINEAR LINEAR LINEAR LINEAR LINEAR LINEAR LINEAR LINEAR LINEAR LINEAR LINEAR
LINEAR LINEAR LINEAR LINEAR LINEAR LINEAR LINEAR LINEAR LINEAR LINEAR LINEAR LINEAR
LINEAR LINEAR LINEAR LINEAR LINEAR LINEAR LINEAR LINEAR LINEAR LINEAR LINEAR</Name_array>
        <technique_common>
          <accessor source="#mixamorig_Spine2-Interpolations-array" count="46">
            <param type="name"/>
          </accessor>
        </technique_common>
      </source>
      <sampler id="mixamorig_Spine2-Matrix-animation-transform">
        <input semantic="INPUT" source="#mixamorig_Spine2-Matrix-animation-input"/>
        <input semantic="OUTPUT" source="#mixamorig_Spine2-Matrix-animation-output-transform"/>
        <input semantic="INTERPOLATION" source="#mixamorig_Spine2-Interpolations"/>
      </sampler>
      <channel source="#mixamorig_Spine2-Matrix-animation-transform" target="mixamorig_Spine2/matrix"/>
    </animation>
    <animation id="mixamorig_Neck-anim" name="mixamorig_Neck">
      <source id="mixamorig_Neck-Matrix-animation-input">
        <float_array id="mixamorig_Neck-Matrix-animation-input-array" count="46">

0.000000 0.033333 0.066667 0.100000 0.133333 0.166667 0.200000 0.233333 0.266667 0.300000 0.333333 0.366667 0.400000 0.433333 0.466667 0.500000
0.533333 0.566667 0.600000 0.633333 0.666667 0.700000 0.733333 0.766667 0.800000 0.833333 0.866667 0.900000 0.933333 0.966667 1.000000 1.033333
1.066667 1.100000 1.133333 1.166667 1.200000 1.233333 1.266667 1.300000 1.333333 1.366667 1.400000 1.433333 1.466667 1.500000</float_array>
        <technique_common>
          <accessor source="#mixamorig_Neck-Matrix-animation-input-array" count="46">
            <param name="TIME" type="float"/>
          </accessor>
        </technique_common>
      </source>
      <source id="mixamorig_Neck-Matrix-animation-output-transform">
        <float_array id="mixamorig_Neck-Matrix-animation-output-transform-array" count="736">

0.985070 0.027001 0.170027 0.024400 -0.032878 0.998952 0.031849 15.862300 -0.168988 -0.036964 0.984925 -1.675800 0.000000 0.000000 0.000000 1.000000
0.984299 0.029751 0.173984 0.024400 -0.037030 0.998563 0.038741 15.862300 -0.172582 -0.044575 0.983986 -1.675800 0.000000 0.000000 0.000000 1.000000
0.983443 0.032709 0.178239 0.024400 -0.041568 0.998067 0.046194 15.862300 -0.176383 -0.052838 0.982902 -1.675800 0.000000 0.000000 0.000000 1.000000
0.982001 0.037474 0.185123 0.024400 -0.049133 0.997060 0.058795 15.862300 -0.182376 -0.066833 0.980955 -1.675800 0.000000 0.000000 0.000000 1.000000
0.980000 0.043679 0.194143 0.024400 -0.059469 0.995313 0.076260 15.862300 -0.189902 -0.086281 0.978005 -1.675800 0.000000 0.000000 0.000000 1.000000
0.977803 0.050028 0.203465 0.024400 -0.070742 0.992880 0.095837 15.862300 -0.197222 -0.108103 0.974381 -1.675800 0.000000 0.000000 0.000000 1.000000
0.975656 0.055792 0.212091 0.024400 -0.081895 0.989826 0.116349 15.862300 -0.203442 -0.130886 0.970299 -1.675800 0.000000 0.000000 0.000000 1.000000
0.973854 0.060242 0.219041 0.024400 -0.091764 0.986352 0.136708 15.862300 -0.207816 -0.153234 0.966091 -1.675800 0.000000 0.000000 0.000000 1.000000
0.972724 0.062648 0.223344 0.024400 -0.099092 0.982790 0.155899 15.862300 -0.209733 -0.173779 0.962192 -1.675800 0.000000 0.000000 0.000000 1.000000
