<?xml version="1.0" encoding="utf-8"?>
<COLLADA xmlns="http://www.collada.org/2005/11/COLLADASchema" version="1.4.1">
  <asset>
    <contributor>
      <author>Mixamo</author>
      <authoring_tool>COLLADA Mixamo exporter</authoring_tool>
      <comments/>
    </contributor>
    <created>2024-02-15T01:42:01Z</created>
    <modified>2024-02-15T01:42:01Z</modified>
    <revision/>
    <title/>
    <unit meter="0.010000"/>
    <up_axis>Y_UP</up_axis>
  </asset>
  <library_animations>
    <animation id="mixamorig_Hips-anim" name="mixamorig_Hips">
      <source id="mixamorig_Hips-Matrix-animation-input">
        <float_array id="mixamorig_Hips-Matrix-animation-input-array" count="22">

0.000000 0.033333 0.066667 0.100000 0.133333 0.166667 0.200000 0.233333 0.266667 0.300000 0.333333 0.366667 0.400000 0.433333 0.466667 0.500000
0.533333 0.566667 0.600000 0.633333 0.666667 0.700000</float_array>
        <technique_common>
          <accessor source="#mixamorig_Hips-Matrix-animation-input-array" count="22">
            <param name="TIME" type="float"/>
          </accessor>
        </technique_common>
      </source>
      <source id="mixamorig_Hips-Matrix-animation-output-transform">
        <float_array id="mixamorig_Hips-Matrix-animation-output-transform-array" count="352">

0.158653 0.089285 0.983289 0.047555 -0.016181 0.996004 -0.087828 92.188950 -0.987202 -0.001976 0.159464 -0.046440 0.000000 0.000000 0.000000 1.000000
0.182996 0.106116 0.977370 0.768378 -0.028853 0.994309 -0.102553 93.975708 -0.982690 -0.009433 0.185016 -0.366776 0.000000 0.000000 0.000000 1.000000
0.207252 0.115471 0.971449 1.646139 -0.031526 0.993282 -0.111340 95.727516 -0.977780 -0.007551 0.209500 -0.473236 0.000000 0.000000 0.000000 1.000000
0.226471 0.113334 0.967402 2.390219 -0.020274 0.993541 -0.111650 96.903275 -0.973807 0.005673 0.227306 -0.507989 0.000000 0.000000 0.000000 1.000000
0.237523 0.100988 0.966118 2.980965 0.002700 0.994509 -0.104619 97.072617 -0.971378 0.027458 0.235946 -0.485891 0.000000 0.000000 0.000000 1.000000
0.234865 0.076172 0.969039 3.349823 0.026815 0.996038 -0.084793 96.165848 -0.971658 0.045900 0.231891 -0.397814 0.000000 0.000000 0.000000 1.000000
0.207210 0.048516 0.977093 3.538088 0.046256 0.997167 -0.059323 94.103378 -0.977202 0.057488 0.204379 -0.293023 0.000000 0.000000 0.000000 1.000000
0.171932 0.028358 0.984701 3.588599 0.058107 0.997553 -0.038874 91.606514 -0.983394 0.063902 0.169864 -0.138675 0.000000 0.000000 0.000000 1.000000
0.145873 0.024643 0.988996 3.223263 0.050699 0.998190 -0.032350 89.207130 -0.988003 0.054860 0.144360 0.076102 0.000000 0.000000 0.000000 1.000000
0.144304 0.035343 0.988902 2.454638 0.045201 0.998083 -0.042267 88.928360 -0.988501 0.050798 0.142430 0.124617 0.000000 0.000000 0.000000 1.000000
0.148066 0.053041 0.987554 1.742706 0.047914 0.997003 -0.060733 89.749580 -0.987816 0.056310 0.145081 0.097385 0.000000 0.000000 0.000000 1.000000
0.149499 0.081062 0.985433 1.499321 0.068604 0.993381 -0.092124 91.945045 -0.986379 0.081377 0.142948 0.004984 0.000000 0.000000 0.000000 1.000000
0.151655 0.108909 0.982415 1.339992 0.087661 0.988513 -0.123117 94.222725 -0.984539 0.104790 0.140365 -0.104884 0.000000 0.000000 0.000000 1.000000
0.154684 0.134336 0.978788 1.312227 0.099373 0.983573 -0.150697 96.440430 -0.982954 0.120576 0.138793 -0.244944 0.000000 0.000000 0.000000 1.000000
0.158879 0.148211 0.976110 1.544197 0.085160 0.982926 -0.163107 97.875244 -0.983618 0.109040 0.143545 -0.410892 0.000000 0.000000 0.000000 1.000000
0.151791 0.144118 0.977849 1.864453 0.066154 0.985613 -0.155531 98.021248 -0.986196 0.088296 0.140074 -0.496732 0.000000 0.000000 0.000000 1.000000
0.141900 0.123432 0.982155 2.013909 0.053493 0.989789 -0.132120 96.391037 -0.988435 0.071286 0.133848 -0.463236 0.000000 0.000000 0.000000 1.000000
0.137742 0.092453 0.986144 2.150256 0.043676 0.994099 -0.099299 92.837784 -0.989505 0.056748 0.132891 -0.328523 0.000000 0.000000 0.000000 1.000000
0.141961 0.075428 0.986994 1.911110 0.032097 0.996218 -0.080749 90.868484 -0.989352 0.043143 0.139003 -0.212170 0.000000 0.000000 0.000000 1.000000
0.148904 0.077096 0.985842 1.297198 0.017101 0.996606 -0.080521 90.858940 -0.988704 0.028849 0.147081 -0.146912 0.000000 0.000000 0.000000 1.000000
0.153872 0.082840 0.984612 0.674141 0.000695 0.996470 -0.083946 91.559540 -0.988091 0.013601 0.153271 -0.092843 0.000000 0.000000 0.000000 1.000000
0.158600 0.089285 0.983298 0.047549 -0.016181 0.996004 -0.087828 92.188957 -0.987210 -0.001981 0.159411 -0.043925 0.000000 0.000000 0.000000 1.000000</float_array>
        <technique_common>
          <accessor source="#mixamorig_Hips-Matrix-animation-output-transform-array" count="22" stride="16">
            <param type="float4x4"/>
          </accessor>
        </technique_common>
      </source>
      <source id="mixamorig_Hips-Interpolations">
        <Name_array id="mixamorig_Hips-Interpolations-array" count="22">
 LINEAR LINEAR LINEAR LINEAR LINEAR LINEAR LINEAR LINEAR LINEAR LINEAR LINEAR
LINEAR LINEAR LINEAR LINEAR LINEAR LINEAR LINEAR LINEAR LINEAR LINEAR LINEAR</Name_array>
        <technique_common>
          <accessor source="#mixamorig_Hips-Interpolations-array" count="22">
            <param type="name"/>
          </accessor>
        </technique_common>
      </source>
      <sampler id="mixamorig_Hips-Matrix-animation-transform">
        <input semantic="INPUT" source="#mixamorig_Hips-Matrix-animation-input"/>
        <input semantic="OUTPUT" source="#mixamorig_Hips-Matrix-animation-output-transform"/>
        <input semantic="INTERPOLATION" source="#mixamorig_Hips-Interpolations"/>
      </sampler>
      <channel source="#mixamorig_Hips-Matrix-animation-transform" target="mixamorig_Hips/matrix"/>
    </animation>
    <animation id="mixamorig_Spine-anim" name="mixamorig_Spine">
      <source id="mixamorig_Spine-Matrix-animation-input">
        <float_array id="mixamorig_Spine-Matrix-animation-input-array" count="22">

0.000000 0.033333 0.066667 0.100000 0.133333 0.166667 0.200000 0.233333 0.266667 0.300000 0.333333 0.366667 0.400000 0.433333 0.466667 0.500000
0.533333 0.566667 0.600000 0.633333 0.666667 0.700000</float_array>
        <technique_common>
          <accessor source="#mixamorig_Spine-Matrix-animation-input-array" count="22">
            <param name="TIME" type="float"/>
          </accessor>
        </technique_common>
      </source>
      <source id="mixamorig_Spine-Matrix-animation-output-transform">
        <float_array id="mixamorig_Spine-Matrix-animation-output-transform-array" count="352">

0.999769 -0.000724 -0.021483 0.017300 -0.005631 0.955710 -0.294256 10.574800 0.020744 0.294309 0.955485 -1.117200 0.000000 0.000000 0.000000 1.000000
0.998600 -0.036054 -0.038712 0.017300 0.024700 0.964892 -0.261483 10.574800 0.046781 0.260161 0.964431 -1.117200 0.000000 0.000000 0.000000 1.000000
0.997126 -0.054535 -0.052597 0.017300 0.040622 0.970790 -0.236466 10.574800 0.063956 0.233650 0.970215 -1.117200 0.000000 0.000000 0.000000 1.000000
0.996045 -0.056808 -0.068318 0.017300 0.040477 0.974601 -0.220260 10.574800 0.079095 0.216624 0.973046 -1.117200 0.000000 0.000000 0.000000 1.000000
0.996024 -0.044361 -0.077256 0.017300 0.027080 0.976931 -0.211833 10.574800 0.084871 0.208899 0.974247 -1.117200 0.000000 0.000000 0.000000 1.000000
0.996648 -0.032165 -0.075226 0.017300 0.014739 0.975019 -0.221630 10.574800 0.080476 0.219778 0.972225 -1.117200 0.000000 0.000000 0.000000 1.000000
0.997129 -0.029592 -0.069707 0.017300 0.012145 0.971065 -0.238504 10.574800 0.074748 0.236973 0.968636 -1.117200 0.000000 0.000000 0.000000 1.000000
0.997520 -0.037512 -0.059557 0.017300 0.021165 0.966848 -0.254476 10.574800 0.067129 0.252584 0.965243 -1.117200 0.000000 0.000000 0.000000 1.000000
0.997567 -0.060551 -0.034546 0.017300 0.048989 0.961452 -0.270573 10.574800 0.049598 0.268222 0.962079 -1.117200 0.000000 0.000000 0.000000 1.000000
0.997600 -0.068588 0.009529 0.017300 0.068516 0.957744 -0.279341 10.574800 0.010034 0.279324 0.960145 -1.117200 0.000000 0.000000 0.000000 1.000000
0.996524 -0.062769 0.054776 0.017300 0.075598 0.957604 -0.277993 10.574800 -0.035005 0.281168 0.959020 -1.117200 0.000000 0.000000 0.000000 1.000000
0.995377 -0.033156 0.090144 0.017300 0.055335 0.965081 -0.256039 10.574800 -0.078507 0.259844 0.962454 -1.117200 0.000000 0.000000 0.000000 1.000000
0.992423 -0.003964 0.122801 0.017300 0.032916 0.971520 -0.234658 10.574800 -0.118373 0.236923 0.964290 -1.117200 0.000000 0.000000 0.000000 1.000000
0.988520 0.019660 0.149806 0.017300 0.013237 0.976416 -0.215491 10.574800 -0.150509 0.215000 0.964947 -1.117200 0.000000 0.000000 0.000000 1.000000
0.986210 0.020562 0.164215 0.017300 0.013846 0.978522 -0.205676 10.574800 -0.164917 0.205114 0.964744 -1.117200 0.000000 0.000000 0.000000 1.000000
0.988056 0.012770 0.153564 0.017300 0.020137 0.977314 -0.210836 10.574800 -0.152772 0.211410 0.965384 -1.117200 0.000000 0.000000 0.000000 1.000000
0.991214 0.008385 0.132004 0.017300 0.022289 0.973127 -0.229186 10.574800 -0.130378 0.230115 0.964390 -1.117200 0.000000 0.000000 0.000000 1.000000
0.993923 0.009575 0.109658 0.017300 0.018735 0.966958 -0.254248 10.574800 -0.108469 0.254757 0.960902 -1.117200 0.000000 0.000000 0.000000 1.000000
0.996307 0.012773 0.084907 0.017300 0.011152 0.961247 -0.275463 10.574800 -0.085135 0.275392 0.957555 -1.117200 0.000000 0.000000 0.000000 1.000000
0.998572 0.010474 0.052392 0.017300 0.004885 0.958593 -0.284736 10.574800 -0.053205 0.284586 0.957173 -1.117200 0.000000 0.000000 0.000000 1.000000
0.999864 0.005176 0.015647 0.017300 -0.000420 0.957099 -0.289761 10.574800 -0.016475 0.289715 0.956971 -1.117200 0.000000 0.000000 0.000000 1.000000
0.999769 -0.000724 -0.021483 0.017300 -0.005631 0.955710 -0.294256 10.574800 0.020745 0.294309 0.955485 -1.117200 0.000000 0.000000 0.000000 1.000000</float_array>
        <technique_common>
          <accessor source="#mixamorig_Spine-Matrix-animation-output-transform-array" count="22" stride="16">
            <param type="float4x4"/>
          </accessor>
        </technique_common>
      </source>
      <source id="mixamorig_Spine-Interpolations">
        <Name_array id="mixamorig_Spine-Interpolations-array" count="22">
 LINEAR LINEAR LINEAR LINEAR LINEAR LINEAR LINEAR LINEAR LINEAR LINEAR LINEAR
LINEAR LINEAR LINEAR LINEAR LINEAR LINEAR LINEAR LINEAR LINEAR LINEAR LINEAR</Name_array>
        <technique_common>
          <accessor source="#mixamorig_Spine-Interpolations-array" count="22">
            <param type="name"/>
          </accessor>
        </technique_common>
      </source>
      <sampler id="mixamorig_Spine-Matrix-animation-transform">
        <input semantic="INPUT" source="#mixamorig_Spine-Matrix-animation-input"/>
        <input semantic="OUTPUT" source="#mixamorig_Spine-Matrix-animation-output-transform"/>
        <input semantic="INTERPOLATION" source="#mixamorig_Spine-Interpolations"/>
      </sampler>
      <channel source="#mixamorig_Spine-Matrix-animation-transform" target="mixamorig_Spine/matrix"/>
    </animation>
    <animation id="mixamorig_Spine1-anim" name="mixamorig_Spine1">
      <source id="mixamorig_Spine1-Matrix-animation-input">
        <float_array id="mixamorig_Spine1-Matrix-animation-input-array" count="22">

0.000000 0.033333 0.066667 0.100000 0.133333 0.166667 0.200000 0.233333 0.266667 0.300000 0.333333 0.366667 0.400000 0.433333 0.466667 0.500000
0.533333 0.566667 0.600000 0.633333 0.666667 0.700000</float_array>
        <technique_common>
          <accessor source="#mixamorig_Spine1-Matrix-animation-input-array" count="22">
            <param name="TIME" type="float"/>
          </accessor>
        </technique_common>
      </source>
      <source id="mixamorig_Spine1-Matrix-animation-output-transform">
        <float_array id="mixamorig_Spine1-Matrix-animation-output-transform-array" count="352">

0.999547 -0.025818 -0.015454 0.000000 0.025277 0.999095 -0.034200 12.406000 0.016323 0.033793 0.999296 0.000000 0.000000 0.000000 0.000000 1.000000
0.999425 -0.026884 -0.020661 0.000000 0.026213 0.999141 -0.032108 12.406000 0.021506 0.031548 0.999271 0.000000 0.000000 0.000000 0.000000 1.000000
0.999290 -0.028609 -0.024508 -0.000000 0.027800 0.999077 -0.032755 12.406000 0.025422 0.032050 0.999163 0.000000 0.000000 0.000000 0.000000 1.000000
0.999214 -0.027981 -0.028072 0.000000 0.026978 0.999007 -0.035467 12.406000 0.029036 0.034682 0.998976 0.000000 0.000000 0.000000 0.000000 1.000000
0.999225 -0.026095 -0.029455 0.000000 0.024973 0.998972 -0.037835 12.406000 0.030412 0.037070 0.998850 0.000000 0.000000 0.000000 0.000000 1.000000
0.999318 -0.023756 -0.028285 -0.000000 0.022625 0.998956 -0.039680 12.406000 0.029198 0.039013 0.998812 -0.000000 0.000000 0.000000 0.000000 1.000000
0.999431 -0.020971 -0.026410 -0.000000 0.019914 0.999014 -0.039678 12.406000 0.027216 0.039130 0.998863 0.000000 0.000000 0.000000 0.000000 1.000000
0.999518 -0.019772 -0.023933 0.000000 0.018848 0.999092 -0.038215 12.406000 0.024667 0.037746 0.998983 -0.000000 0.000000 0.000000 0.000000 1.000000
0.999580 -0.022067 -0.018771 -0.000000 0.021375 0.999112 -0.036295 12.406000 0.019555 0.035879 0.999165 0.000000 0.000000 0.000000 0.000000 1.000000
0.999646 -0.025345 -0.008051 -0.000000 0.025058 0.999110 -0.033921 12.406000 0.008903 0.033707 0.999392 0.000000 0.000000 0.000000 0.000000 1.000000
0.999607 -0.027756 0.003914 0.000000 0.027862 0.999147 -0.030487 12.406000 -0.003064 0.030584 0.999528 0.000000 0.000000 0.000000 0.000000 1.000000
0.999507 -0.027517 0.015150 0.000000 0.027885 0.999307 -0.024641 12.406000 -0.014461 0.025052 0.999582 0.000000 0.000000 0.000000 0.000000 1.000000
0.999295 -0.027450 0.025624 0.000000 0.027948 0.999423 -0.019286 12.406000 -0.025080 0.019989 0.999486 0.000000 0.000000 0.000000 0.000000 1.000000
0.999017 -0.028307 0.034118 0.000000 0.028856 0.999461 -0.015685 12.406000 -0.033656 0.016654 0.999295 0.000000 0.000000 0.000000 0.000000 1.000000
0.998770 -0.032666 0.037308 0.000000 0.033341 0.999289 -0.017614 12.406000 -0.036707 0.018836 0.999149 0.000000 0.000000 0.000000 0.000000 1.000000
0.998863 -0.033837 0.033585 0.000000 0.034587 0.999159 -0.022011 12.406000 -0.032812 0.023147 0.999193 -0.000000 0.000000 0.000000 0.000000 1.000000
0.999110 -0.032220 0.027217 0.000000 0.032943 0.999105 -0.026547 12.406000 -0.026337 0.027420 0.999277 0.000000 0.000000 0.000000 0.000000 1.000000
0.999334 -0.029921 0.020871 -0.000000 0.030547 0.999073 -0.030340 12.406000 -0.019944 0.030957 0.999322 0.000000 0.000000 0.000000 0.000000 1.000000
0.999504 -0.028172 0.014047 -0.000000 0.028602 0.999095 -0.031474 12.406000 -0.013148 0.031860 0.999406 -0.000000 0.000000 0.000000 0.000000 1.000000
0.999615 -0.027277 0.005057 0.000000 0.027423 0.999121 -0.031693 12.406000 -0.004188 0.031820 0.999485 0.000000 0.000000 0.000000 0.000000 1.000000
0.999635 -0.026535 -0.005127 0.000000 0.026352 0.999111 -0.032909 12.406000 0.005996 0.032762 0.999445 0.000000 0.000000 0.000000 0.000000 1.000000
0.999547 -0.025817 -0.015454 0.000000 0.025277 0.999095 -0.034199 12.406000 0.016323 0.033793 0.999296 -0.000000 0.000000 0.000000 0.000000 1.000000</float_array>
        <technique_common>
          <accessor source="#mixamorig_Spine1-Matrix-animation-output-transform-array" count="22" stride="16">
            <param type="float4x4"/>
          </accessor>
        </technique_common>
      </source>
      <source id="mixamorig_Spine1-Interpolations">
        <Name_array id="mixamorig_Spine1-Interpolations-array" count="22">
 LINEAR LINEAR LINEAR LINEAR LINEAR LINEAR LINEAR LINEAR LINEAR LINEAR LINEAR
LINEAR LINEAR LINEAR LINEAR LINEAR LINEAR LINEAR LINEAR LINEAR LINEAR LINEAR</Name_array>
        <technique_common>
          <accessor source="#mixamorig_Spine1-Interpolations-array" count="22">
            <param type="name"/>
          </accessor>
        </technique_common>
      </source>
      <sampler id="mixamorig_Spine1-Matrix-animation-transform">
        <input semantic="INPUT" source="#mixamorig_Spine1-Matrix-animation-input"/>
        <input semantic="OUTPUT" source="#mixamorig_Spine1-Matrix-animation-output-transform"/>
        <input semantic="INTERPOLATION" source="#mixamorig_Spine1-Interpolations"/>
      </sampler>
      <channel source="#mixamorig_Spine1-Matrix-animation-transform" target="mixamorig_Spine1/matrix"/>
    </animation>
    <animation id="mixamorig_Spine2-anim" name="mixamorig_Spine2">
      <source id="mixamorig_Spine2-Matrix-animation-input">
        <float_array id="mixamorig_Spine2-Matrix-animation-input-array" count="22">

0.000000 0.033333 0.066667 0.100000 0.133333 0.166667 0.200000 0.233333 0.266667 0.300000 0.333333 0.366667 0.400000 0.433333 0.466667 0.500000
0.533333 0.566667 0.600000 0.633333 0.666667 0.700000</float_array>
        <technique_common>
          <accessor source="#mixamorig_Spine2-Matrix-animation-input-array" count="22">
            <param name="TIME" type="float"/>
          </accessor>
        </technique_common>
      </source>
      <source id="mixamorig_Spine2-Matrix-animation-output-transform">
        <float_array id="mixamorig_Spine2-Matrix-animation-output-transform-array" count="352">

0.999463 -0.029715 -0.013817 0.000000 0.027515 0.989954 -0.138685 14.178300 0.017799 0.138230 0.990240 0.000000 0.000000 0.000000 0.000000 1.000000
0.999336 -0.031304 -0.018619 -0.000000 0.028478 0.990244 -0.136405 14.178300 0.022707 0.135785 0.990478 -0.000000 0.000000 0.000000 0.000000 1.000000
0.999196 -0.033467 -0.022087 -0.000000 0.030137 0.990126 -0.136900 14.178300 0.026451 0.136124 0.990339 0.000000 0.000000 0.000000 0.000000 1.000000
0.999119 -0.033324 -0.025498 -0.000000 0.029450 0.989772 -0.139588 14.178300 0.029889 0.138714 0.989881 0.000000 0.000000 0.000000 0.000000 1.000000
0.999136 -0.031646 -0.026956 0.000000 0.027507 0.989475 -0.142064 14.178300 0.031168 0.141200 0.989490 0.000000 0.000000 0.000000 0.000000 1.000000
0.999234 -0.029212 -0.026037 0.000000 0.025166 0.989249 -0.144061 14.178300 0.029966 0.143295 0.989226 0.000000 0.000000 0.000000 0.000000 1.000000
0.999357 -0.026188 -0.024472 -0.000000 0.022393 0.989296 -0.144191 14.178300 0.027986 0.143550 0.989247 0.000000 0.000000 0.000000 0.000000 1.000000
0.999451 -0.024623 -0.022178 0.000000 0.021210 0.989525 -0.142794 14.178300 0.025461 0.142245 0.989504 0.000000 0.000000 0.000000 0.000000 1.000000
0.999514 -0.026174 -0.016938 0.000000 0.023532 0.989753 -0.140838 14.178300 0.020450 0.140371 0.989888 0.000000 0.000000 0.000000 0.000000 1.000000
0.999590 -0.027980 -0.006087 -0.000000 0.026868 0.989996 -0.138516 14.178300 0.009902 0.138296 0.990341 -0.000000 0.000000 0.000000 0.000000 1.000000
0.999569 -0.028744 0.005961 0.000000 0.029286 0.990384 -0.135212 14.178300 -0.002017 0.135328 0.990799 -0.000000 0.000000 0.000000 0.000000 1.000000
0.999490 -0.026928 0.017145 0.000000 0.028926 0.991144 -0.129601 14.178300 -0.013503 0.130031 0.991418 0.000000 0.000000 0.000000 0.000000 1.000000
0.999297 -0.025384 0.027585 -0.000000 0.028630 0.991810 -0.124473 14.178300 -0.024200 0.125175 0.991839 0.000000 0.000000 0.000000 0.000000 1.000000
0.999033 -0.025065 0.036114 -0.000000 0.029270 0.992215 -0.121048 14.178300 -0.032799 0.121988 0.991990 0.000000 0.000000 0.000000 0.000000 1.000000
0.998795 -0.029030 0.039569 -0.000000 0.033700 0.991836 -0.122983 14.178300 -0.035676 0.124169 0.991620 0.000000 0.000000 0.000000 0.000000 1.000000
0.998884 -0.030696 0.035891 0.000000 0.035035 0.991249 -0.127269 14.178300 -0.031670 0.128385 0.991219 0.000000 0.000000 0.000000 0.000000 1.000000
0.999120 -0.029938 0.029365 0.000000 0.033555 0.990728 -0.131649 14.178300 -0.025152 0.132518 0.990861 -0.000000 0.000000 0.000000 0.000000 1.000000
0.999334 -0.028517 0.022783 0.000000 0.031344 0.990309 -0.135302 14.178300 -0.018704 0.135926 0.990542 -0.000000 0.000000 0.000000 0.000000 1.000000
0.999490 -0.027759 0.015791 -0.000000 0.029655 0.990219 -0.136333 14.178300 -0.011852 0.136731 0.990537 0.000000 0.000000 0.000000 0.000000 1.000000
0.999580 -0.028183 0.006753 0.000000 0.028841 0.990229 -0.136438 14.178300 -0.002841 0.136576 0.990626 0.000000 0.000000 0.000000 0.000000 1.000000
0.999576 -0.028927 -0.003464 0.000000 0.028176 0.990098 -0.137521 14.178300 0.007407 0.137365 0.990493 -0.000000 0.000000 0.000000 0.000000 1.000000
0.999463 -0.029715 -0.013817 -0.000000 0.027515 0.989954 -0.138685 14.178300 0.017799 0.138230 0.990240 0.000000 0.000000 0.000000 0.000000 1.000000</float_array>
        <technique_common>
          <accessor source="#mixamorig_Spine2-Matrix-animation-output-transform-array" count="22" stride="16">
            <param type="float4x4"/>
          </accessor>
        </technique_common>
      </source>
      <source id="mixamorig_Spine2-Interpolations">
        <Name_array id="mixamorig_Spine2-Interpolations-array" count="22">
 LINEAR LINEAR LINEAR LINEAR LINEAR LINEAR LINEAR LINEAR LINEAR LINEAR LINEAR
LINEAR LINEAR LINEAR LINEAR LINEAR LINEAR LINEAR LINEAR LINEAR LINEAR LINEAR</Name_array>
        <technique_common>
          <accessor source="#mixamorig_Spine2-Interpolations-array" count="22">
            <param type="name"/>
          </accessor>
        </technique_common>
      </source>
      <sampler id="mixamorig_Spine2-Matrix-animation-transform">
        <input semantic="INPUT" source="#mixamorig_Spine2-Matrix-animation-input"/>
        <input semantic="OUTPUT" source="#mixamorig_Spine2-Matrix-animation-output-transform"/>
        <input semantic="INTERPOLATION" source="#mixamorig_Spine2-Interpolations"/>
      </sampler>
      <channel source="#mixamorig_Spine2-Matrix-animation-transform" target="mixamorig_Spine2/matrix"/>
    </animation>
    <animation id="mixamorig_Neck-anim" name="mixamorig_Neck">
      <source id="mixamorig_Neck-Matrix-animation-input">
        <float_array id="mixamorig_Neck-Matrix-animation-input-array" count="22">

0.000000 0.033333 0.066667 0.100000 0.133333 0.166667 0.200000 0.233333 0.266667 0.300000 0.333333 0.366667 0.400000 0.433333 0.466667 0.500000
0.533333 0.566667 0.600000 0.633333 0.666667 0.700000</float_array>
        <technique_common>
          <accessor source="#mixamorig_Neck-Matrix-animation-input-array" count="22">
            <param name="TIME" type="float"/>
          </accessor>
        </technique_common>
      </source>
      <source id="mixamorig_Neck-Matrix-animation-output-transform">
        <float_array id="mixamorig_Neck-Matrix-animation-output-transform-array" count="352">

0.972749 -0.101190 -0.208613 0.024400 0.099901 0.994857 -0.016732 15.862300 0.209234 -0.004565 0.977855 -1.675800 0.000000 0.000000 0.000000 1.000000
0.974666 -0.099540 -0.200297 0.024400 0.095393 0.994979 -0.030277 15.862300 0.202305 0.010403 0.979267 -1.675800 0.000000 0.000000 0.000000 1.000000
0.975936 -0.100636 -0.193447 0.024400 0.094853 0.994729 -0.038952 15.862300 0.196347 0.019666 0.980337 -1.675800 0.000000 0.000000 0.000000 1.000000
0.977209 -0.101312 -0.186544 0.024400 0.094163 0.994455 -0.046816 15.862300 0.190253 0.028183 0.981330 -1.675800 0.000000 0.000000 0.000000 1.000000
0.978157 -0.097885 -0.183379 0.024400 0.090042 0.994650 -0.050635 15.862300 0.187354 0.033018 0.981737 -1.675800 0.000000 0.000000 0.000000 1.000000
0.978001 -0.092713 -0.186862 0.024400 0.084693 0.995128 -0.050473 15.862300 0.190631 0.033537 0.981089 -1.675800 0.000000 0.000000 0.000000 1.000000
0.977199 -0.084338 -0.194858 0.024400 0.075910 0.995843 -0.050334 15.862300 0.198293 0.034394 0.979539 -1.675800 0.000000 0.000000 0.000000 1.000000
0.976602 -0.069508 -0.203511 0.024400 0.062934 0.997271 -0.038607 15.862300 0.205639 0.024896 0.978311 -1.675800 0.000000 0.000000 0.000000 1.000000
0.976047 -0.049121 -0.211942 0.024400 0.048532 0.998790 -0.007984 15.862300 0.212078 -0.002493 0.977250 -1.675800 0.000000 0.000000 0.000000 1.000000
0.974053 -0.043464 -0.222108 0.024400 0.047913 0.998744 0.014679 15.862300 0.221191 -0.024940 0.974912 -1.675800 0.000000 0.000000 0.000000 1.000000
0.971286 -0.046495 -0.233329 0.024400 0.054171 0.998177 0.026593 15.862300 0.231667 -0.038469 0.972034 -1.675800 0.000000 0.000000 0.000000 1.000000
0.967375 -0.060919 -0.245916 0.024400 0.067409 0.997562 0.018052 15.862300 0.244217 -0.034040 0.969123 -1.675800 0.000000 0.000000 0.000000 1.000000
0.963225 -0.076407 -0.257602 0.024400 0.081298 0.996655 0.008374 15.862300 0.256100 -0.029009 0.966215 -1.675800 0.000000 0.000000 0.000000 1.000000
0.959312 -0.092453 -0.266783 0.024400 0.095978 0.995383 0.000175 15.862300 0.265535 -0.025774 0.963757 -1.675800 0.000000 0.000000 0.000000 1.000000
0.957586 -0.103963 -0.268738 0.024400 0.108831 0.994055 0.003237 15.862300 0.266804 -0.032347 0.963208 -1.675800 0.000000 0.000000 0.000000 1.000000
0.957794 -0.112153 -0.264673 0.024400 0.115866 0.993264 -0.001593 15.862300 0.263069 -0.029141 0.964337 -1.675800 0.000000 0.000000 0.000000 1.000000
0.959425 -0.115550 -0.257199 0.024400 0.116728 0.993106 -0.010739 15.862300 0.256667 -0.019719 0.966299 -1.675800 0.000000 0.000000 0.000000 1.000000
0.961649 -0.116711 -0.248212 0.024400 0.115134 0.993130 -0.020914 15.862300 0.248948 -0.008466 0.968480 -1.675800 0.000000 0.000000 0.000000 1.000000
0.964336 -0.114395 -0.238684 0.024400 0.111476 0.993434 -0.025739 15.862300 0.240061 -0.001787 0.970756 -1.675800 0.000000 0.000000 0.000000 1.000000
0.967201 -0.109923 -0.228997 0.024400 0.107389 0.993938 -0.023535 15.862300 0.230196 -0.001829 0.973142 -1.675800 0.000000 0.000000 0.000000 1.000000
0.970032 -0.105560 -0.218848 0.024400 0.103659 0.994408 -0.020184 15.862300 0.219755 -0.003106 0.975550 -1.675800 0.000000 0.000000 0.000000 1.000000
0.972749 -0.101190 -0.208613 0.024400 0.099901 0.994857 -0.016732 15.862300 0.209233 -0.004565 0.977855 -1.675800 0.000000 0.000000 0.000000 1.000000</float_array>
        <technique_common>
          <accessor source="#mixamorig_Neck-Matrix-animation-output-transform-array" count="22" stride="16">
            <param type="float4x4"/>
          </accessor>
        </technique_common>
      </source>
      <source id="mixamorig_Neck-Interpolations">
        <Name_array id="mixamorig_Neck-Interpolations-array" count="22">
 LINEAR LINEAR LINEAR LINEAR LINEAR LINEAR LINEAR LINEAR LINEAR LINEAR LINEAR
LINEAR LINEAR LINEAR LINEAR LINEAR LINEAR LINEAR LINEAR LINEAR LINEAR LINEAR</Name_array>
        <technique_common>
          <accessor source="#mixamorig_Neck-Interpolations-array" count="22">
            <param type="name"/>
          </accessor>
        </technique_common>
      </source>
      <sampler id="mixamorig_Neck-Matrix-animation-transform">
        <input semantic="INPUT" source="#mixamorig_Neck-Matrix-animation-input"/>
        <input semantic="OUTPUT" source="#mixamorig_Neck-Matrix-animation-output-transform"/>
        <input semantic="INTERPOLATION" source="#mixamorig_Neck-Interpolations"/>
      </sampler>
      <channel source="#mixamorig_Neck-Matrix-animation-transform" target="mixamorig_Neck/matrix"/>
    </animation>
    <animation id="mixamorig_Head-anim" name="mixamorig_Head">
      <source id="mixamorig_Head-Matrix-animation-input">
        <float_array id="mixamorig_Head-Matrix-animation-input-array" count="22">

0.000000 0.033333 0.066667 0.100000 0.133333 0.166667 0.200000 0.233333 0.266667 0.300000 0.333333 0.366667 0.400000 0.433333 0.466667 0.500000
0.533333 0.566667 0.600000 0.633333 0.666667 0.700000</float_array>
        <technique_common>
          <accessor source="#mixamorig_Head-Matrix-animation-input-array" count="22">
            <param name="TIME" type="float"/>
          </accessor>
        </technique_common>
      </source>
      <source id="mixamorig_Head-Matrix-animation-output-transform">
        <float_array id="mixamorig_Head-Matrix-animation-output-transform-array" count="352">

0.863160 -0.138810 -0.485476 -0.000000 0.232826 0.962572 0.138732 5.564000 0.448049 -0.232779 0.863172 0.988100 0.000000 0.000000 0.000000 1.000000
0.882231 -0.113343 -0.456970 0.000000 0.197161 0.970328 0.139968 5.564000 0.427546 -0.213581 0.878401 0.988100 0.000000 0.000000 0.000000 1.000000
0.895577 -0.096882 -0.434231 0.000000 0.174569 0.974254 0.142673 5.564000 0.409228 -0.203578 0.889431 0.988100 0.000000 0.000000 0.000000 1.000000
0.905762 -0.087720 -0.414608 0.000000 0.160967 0.976235 0.145106 5.564000 0.392026 -0.198170 0.898357 0.988100 0.000000 0.000000 0.000000 1.000000
0.908839 -0.084462 -0.408507 -0.000000 0.155375 0.977363 0.143598 5.564000 0.387131 -0.193979 0.901389 0.988100 0.000000 0.000000 0.000000 1.000000
0.901877 -0.087432 -0.423052 -0.000000 0.161438 0.976565 0.142331 5.564000 0.400694 -0.196662 0.894857 0.988100 0.000000 0.000000 0.000000 1.000000
0.887990 -0.090437 -0.450883 0.000000 0.170158 0.975499 0.139453 5.564000 0.427224 -0.200554 0.881622 0.988100 0.000000 0.000000 0.000000 1.000000
0.874115 -0.087925 -0.477695 0.000000 0.172586 0.975525 0.136252 5.564000 0.454023 -0.201544 0.867896 0.988100 0.000000 0.000000 0.000000 1.000000
0.861988 -0.080798 -0.500448 -0.000000 0.174220 0.974300 0.142780 5.564000 0.476051 -0.210262 0.853912 0.988100 0.000000 0.000000 0.000000 1.000000
0.849583 -0.073549 -0.522302 -0.000000 0.182683 0.969972 0.160566 5.564000 0.494809 -0.231830 0.837508 0.988100 0.000000 0.000000 0.000000 1.000000
0.836534 -0.066329 -0.543886 -0.000000 0.190346 0.966001 0.174957 5.564000 0.513790 -0.249884 0.820718 0.988100 0.000000 0.000000 0.000000 1.000000
0.823018 -0.058740 -0.564970 0.000000 0.187916 0.966788 0.173229 5.564000 0.536030 -0.248738 0.806722 0.988100 0.000000 0.000000 0.000000 1.000000
0.810669 -0.050657 -0.583309 0.000000 0.183802 0.967907 0.171386 5.564000 0.555907 -0.246150 0.793963 0.988100 0.000000 0.000000 0.000000 1.000000
0.802643 -0.041323 -0.595027 0.000000 0.177177 0.969086 0.171697 5.564000 0.569537 -0.243236 0.785152 0.988100 0.000000 0.000000 0.000000 1.000000
0.806683 -0.031323 -0.590154 0.000000 0.167736 0.969663 0.177813 5.564000 0.566681 -0.242429 0.787465 0.988100 0.000000 0.000000 0.000000 1.000000
0.814458 -0.035601 -0.579129 0.000000 0.168371 0.969669 0.177179 5.564000 0.555256 -0.241813 0.795749 0.988100 0.000000 0.000000 0.000000 1.000000
0.822540 -0.052108 -0.566315 -0.000000 0.177482 0.969580 0.168569 5.564000 0.540304 -0.239165 0.806766 0.988100 0.000000 0.000000 0.000000 1.000000
0.832298 -0.068585 -0.550069 -0.000000 0.184098 0.970193 0.157586 5.564000 0.522865 -0.232425 0.820117 0.988100 0.000000 0.000000 0.000000 1.000000
0.841504 -0.085113 -0.533504 0.000000 0.192148 0.970094 0.148313 5.564000 0.504926 -0.227318 0.832692 0.988100 0.000000 0.000000 0.000000 1.000000
0.848889 -0.103365 -0.518366 0.000000 0.205496 0.968082 0.143486 5.564000 0.486990 -0.228325 0.843035 0.988100 0.000000 0.000000 0.000000 1.000000
0.856295 -0.121121 -0.502084 0.000000 0.219083 0.965504 0.140728 5.564000 0.467719 -0.230502 0.853292 0.988100 0.000000 0.000000 0.000000 1.000000
0.863160 -0.138810 -0.485476 0.000000 0.232826 0.962572 0.138732 5.564000 0.448049 -0.232779 0.863172 0.988100 0.000000 0.000000 0.000000 1.000000</float_array>
        <technique_common>
          <accessor source="#mixamorig_Head-Matrix-animation-output-transform-array" count="22" stride="16">
            <param type="float4x4"/>
          </accessor>
        </technique_common>
      </source>
      <source id="mixamorig_Head-Interpolations">
        <Name_array id="mixamorig_Head-Interpolations-array" count="22">
 LINEAR LINEAR LINEAR LINEAR LINEAR LINEAR LINEAR LINEAR LINEAR LINEAR LINEAR
LINEAR LINEAR LINEAR LINEAR LINEAR LINEAR LINEAR LINEAR LINEAR LINEAR LINEAR</Name_array>
        <technique_common>
          <accessor source="#mixamorig_Head-Interpolations-array" count="22">
            <param type="name"/>
          </accessor>
        </technique_common>
      </source>
      <sampler id="mixamorig_Head-Matrix-animation-transform">
        <input semantic="INPUT" source="#mixamorig_Head-Matrix-animation-input"/>
        <input semantic="OUTPUT" source="#mixamorig_Head-Matrix-animation-output-transform"/>
        <input semantic="INTERPOLATION" source="#mixamorig_Head-Interpolations"/>
      </sampler>
      <channel source="#mixamorig_Head-Matrix-animation-transform" target="mixamorig_Head/matrix"/>
    </animation>
    <animation id="mixamorig_LeftShoulder-anim" name="mixamorig_LeftShoulder">
      <source id="mixamorig_LeftShoulder-Matrix-animation-input">
        <float_array id="mixamorig_LeftShoulder-Matrix-animation-input-array" count="22">

0.000000 0.033333 0.066667 0.100000 0.133333 0.166667 0.200000 0.233333 0.266667 0.300000 0.333333 0.366667 0.400000 0.433333 0.466667 0.500000
0.533333 0.566667 0.600000 0.633333 0.666667 0.700000</float_array>
        <technique_common>
          <accessor source="#mixamorig_LeftShoulder-Matrix-animation-input-array" count="22">
            <param name="TIME" type="float"/>
          </accessor>
        </technique_common>
      </source>
      <source id="mixamorig_LeftShoulder-Matrix-animation-output-transform">
        <float_array id="mixamorig_LeftShoulder-Matrix-animation-output-transform-array" count="352">

0.162218 0.973262 -0.162622 5.935000 0.011708 -0.166691 -0.985940 13.670200 -0.986685 0.158033 -0.038435 -1.662600 0.000000 0.000000 0.000000 1.000000
0.148063 0.973414 -0.174767 5.935000 0.011493 -0.178396 -0.983892 13.670200 -0.988911 0.143670 -0.037601 -1.662600 0.000000 0.000000 0.000000 1.000000
0.134761 0.973731 -0.183540 5.935000 0.011404 -0.186741 -0.982343 13.670200 -0.990812 0.130289 -0.036270 -1.662600 0.000000 0.000000 0.000000 1.000000
0.119434 0.972093 -0.201918 5.935000 0.011695 -0.204737 -0.978747 13.670200 -0.992773 0.114534 -0.035821 -1.662600 0.000000 0.000000 0.000000 1.000000
0.113833 0.967943 -0.223894 5.935000 0.012474 -0.226733 -0.973877 13.670200 -0.993422 0.108067 -0.037884 -1.662600 0.000000 0.000000 0.000000 1.000000
0.119335 0.965937 -0.229620 5.935000 0.012667 -0.232735 -0.972458 13.670200 -0.992773 0.113140 -0.040009 -1.662600 0.000000 0.000000 0.000000 1.000000
0.133354 0.964548 -0.227735 5.935000 0.012529 -0.231410 -0.972776 13.670200 -0.990989 0.126870 -0.042945 -1.662600 0.000000 0.000000 0.000000 1.000000
0.141887 0.963639 -0.226424 5.935000 0.012465 -0.230459 -0.973002 13.670200 -0.989804 0.135234 -0.044711 -1.662600 0.000000 0.000000 0.000000 1.000000
0.121176 0.965911 -0.228762 5.935000 0.012706 -0.231951 -0.972645 13.670200 -0.992550 0.114955 -0.040380 -1.662600 0.000000 0.000000 0.000000 1.000000
0.109641 0.971983 -0.207912 5.935000 0.012080 -0.210461 -0.977528 13.670200 -0.993898 0.104666 -0.034817 -1.662600 0.000000 0.000000 0.000000 1.000000
0.105584 0.974213 -0.199401 5.935000 0.011768 -0.201732 -0.979370 13.670200 -0.994341 0.101059 -0.032764 -1.662600 0.000000 0.000000 0.000000 1.000000
0.108278 0.973782 -0.200062 5.935000 0.011844 -0.202494 -0.979212 13.670200 -0.994050 0.103657 -0.033459 -1.662600 0.000000 0.000000 0.000000 1.000000
0.109166 0.973059 -0.203074 5.935000 0.011997 -0.205570 -0.978569 13.670200 -0.993951 0.104390 -0.034115 -1.662600 0.000000 0.000000 0.000000 1.000000
0.105830 0.973496 -0.202743 5.935000 0.012017 -0.205125 -0.978662 13.670200 -0.994312 0.101136 -0.033407 -1.662600 0.000000 0.000000 0.000000 1.000000
0.099131 0.971491 -0.215354 5.935000 0.012578 -0.217626 -0.975951 13.670200 -0.994995 0.094038 -0.033793 -1.662600 0.000000 0.000000 0.000000 1.000000
0.092980 0.971072 -0.219943 5.935000 0.012867 -0.222053 -0.974950 13.670200 -0.995585 0.087821 -0.033141 -1.662600 0.000000 0.000000 0.000000 1.000000
0.086530 0.972769 -0.215020 5.935000 0.012749 -0.216893 -0.976112 13.670200 -0.996168 0.081722 -0.031169 -1.662600 0.000000 0.000000 0.000000 1.000000
0.097773 0.974027 -0.204236 5.935000 0.012253 -0.206382 -0.978395 13.670200 -0.995133 0.093158 -0.032113 -1.662600 0.000000 0.000000 0.000000 1.000000
0.107349 0.974846 -0.195324 5.935000 0.011942 -0.197709 -0.980188 13.670200 -0.994150 0.102889 -0.032865 -1.662600 0.000000 0.000000 0.000000 1.000000
0.125522 0.973113 -0.193122 5.935000 0.011835 -0.196117 -0.980509 13.670200 -0.992020 0.120790 -0.036134 -1.662600 0.000000 0.000000 0.000000 1.000000
0.143861 0.973300 -0.178860 5.935000 0.011518 -0.182375 -0.983162 13.670200 -0.989531 0.139378 -0.037447 -1.662600 0.000000 0.000000 0.000000 1.000000
0.162218 0.973262 -0.162621 5.935000 0.011708 -0.166691 -0.985940 13.670200 -0.986685 0.158034 -0.038435 -1.662600 0.000000 0.000000 0.000000 1.000000</float_array>
        <technique_common>
          <accessor source="#mixamorig_LeftShoulder-Matrix-animation-output-transform-array" count="22" stride="16">
            <param type="float4x4"/>
          </accessor>
        </technique_common>
      </source>
      <source id="mixamorig_LeftShoulder-Interpolations">
        <Name_array id="mixamorig_LeftShoulder-Interpolations-array" count="22">
 LINEAR LINEAR LINEAR LINEAR LINEAR LINEAR LINEAR LINEAR LINEAR LINEAR LINEAR
LINEAR LINEAR LINEAR LINEAR LINEAR LINEAR LINEAR LINEAR LINEAR LINEAR LINEAR</Name_array>
        <technique_common>
          <accessor source="#mixamorig_LeftShoulder-Interpolations-array" count="22">
            <param type="name"/>
          </accessor>
        </technique_common>
      </source>
      <sampler id="mixamorig_LeftShoulder-Matrix-animation-transform">
        <input semantic="INPUT" source="#mixamorig_LeftShoulder-Matrix-animation-input"/>
        <input semantic="OUTPUT" source="#mixamorig_LeftShoulder-Matrix-animation-output-transform"/>
        <input semantic="INTERPOLATION" source="#mixamorig_LeftShoulder-Interpolations"/>
      </sampler>
      <channel source="#mixamorig_LeftShoulder-Matrix-animation-transform" target="mixamorig_LeftShoulder/matrix"/>
    </animation>
    <animation id="mixamorig_LeftArm-anim" name="mixamorig_LeftArm">
      <source id="mixamorig_LeftArm-Matrix-animation-input">
        <float_array id="mixamorig_LeftArm-Matrix-animation-input-array" count="22">

0.000000 0.033333 0.066667 0.100000 0.133333 0.166667 0.200000 0.233333 0.266667 0.300000 0.333333 0.366667 0.400000 0.433333 0.466667 0.500000
0.533333 0.566667 0.600000 0.633333 0.666667 0.700000</float_array>
        <technique_common>
          <accessor source="#mixamorig_LeftArm-Matrix-animation-input-array" count="22">
            <param name="TIME" type="float"/>
          </accessor>
        </technique_common>
      </source>
      <source id="mixamorig_LeftArm-Matrix-animation-output-transform">
        <float_array id="mixamorig_LeftArm-Matrix-animation-output-transform-array" count="352">

0.971641 0.147343 0.184944 -0.000000 0.069202 0.570702 -0.818236 12.607900 -0.226109 0.807830 0.544321 0.000000 0.000000 0.000000 0.000000 1.000000
0.961238 0.186750 0.202842 -0.000000 0.079149 0.517823 -0.851818 12.607900 -0.264114 0.834855 0.482970 -0.000000 0.000000 0.000000 0.000000 1.000000
0.955043 0.224715 0.193379 0.000000 0.068534 0.467267 -0.881456 12.607900 -0.288436 0.855082 0.430860 0.000000 0.000000 0.000000 0.000000 1.000000
0.946817 0.250613 0.201817 -0.000000 0.075491 0.436689 -0.896440 12.607900 -0.312791 0.864000 0.394546 0.000000 0.000000 0.000000 0.000000 1.000000
0.945257 0.279575 0.168308 -0.000000 0.035272 0.425209 -0.904408 12.607900 -0.324416 0.860834 0.392070 0.000000 0.000000 0.000000 0.000000 1.000000
0.942223 0.300953 0.147115 0.000000 0.005409 0.425444 -0.904969 12.607900 -0.334942 0.853478 0.399235 0.000000 0.000000 0.000000 0.000000 1.000000
0.936743 0.311754 0.159130 0.000000 0.007329 0.437066 -0.899400 12.607900 -0.349941 0.843673 0.407133 0.000000 0.000000 0.000000 0.000000 1.000000
0.930532 0.318903 0.180030 0.000000 0.018076 0.451006 -0.892338 12.607900 -0.365764 0.833603 0.413911 0.000000 0.000000 0.000000 0.000000 1.000000
0.923818 0.320674 0.209113 -0.000000 0.039800 0.462820 -0.885559 12.607900 -0.380757 0.826418 0.414798 0.000000 0.000000 0.000000 0.000000 1.000000
0.928283 0.297472 0.223163 -0.000000 0.075276 0.437370 -0.896126 12.607900 -0.364177 0.848657 0.383610 0.000000 0.000000 0.000000 0.000000 1.000000
