<?xml version="1.0" encoding="utf-8"?>
<COLLADA xmlns="http://www.collada.org/2005/11/COLLADASchema" version="1.4.1">
  <asset>
    <contributor>
      <author>Mixamo</author>
      <authoring_tool>COLLADA Mixamo exporter</authoring_tool>
      <comments/>
    </contributor>
    <created>2024-03-07T10:56:00Z</created>
    <modified>2024-03-07T10:56:00Z</modified>
    <revision/>
    <title/>
    <unit meter="0.010000"/>
    <up_axis>Y_UP</up_axis>
  </asset>
  <library_animations>
    <animation id="mixamorig_Hips-anim" name="mixamorig_Hips">
      <source id="mixamorig_Hips-Matrix-animation-input">
        <float_array id="mixamorig_Hips-Matrix-animation-input-array" count="90">

0.000000 0.033333 0.066667 0.100000 0.133333 0.166667 0.200000 0.233333 0.266667 0.300000 0.333333 0.366667 0.400000 0.433333 0.466667 0.500000
0.533333 0.566667 0.600000 0.633333 0.666667 0.700000 0.733333 0.766667 0.800000 0.833333 0.866667 0.900000 0.933333 0.966667 1.000000 1.033333
1.066667 1.100000 1.133333 1.166667 1.200000 1.233333 1.266667 1.300000 1.333333 1.366667 1.400000 1.433333 1.466667 1.500000 1.533333 1.566667
1.600000 1.633333 1.666667 1.700000 1.733333 1.766667 1.800000 1.833333 1.866667 1.900000 1.933333 1.966667 2.000000 2.033333 2.066667 2.100000
2.133333 2.166667 2.200000 2.233333 2.266667 2.300000 2.333333 2.366667 2.400000 2.433333 2.466667 2.500000 2.533333 2.566667 2.600000 2.633333
2.666667 2.700000 2.733333 2.766667 2.800000 2.833333 2.866667 2.900000 2.933333 2.966667</float_array>
        <technique_common>
          <accessor source="#mixamorig_Hips-Matrix-animation-input-array" count="90">
            <param name="TIME" type="float"/>
          </accessor>
        </technique_common>
      </source>
      <source id="mixamorig_Hips-Matrix-animation-output-transform">
        <float_array id="mixamorig_Hips-Matrix-animation-output-transform-array" count="1440">

0.582187 -0.121236 -0.803965 -0.024742 -0.014365 0.987132 -0.159259 80.561264 0.812928 0.104268 0.572954 0.030003 0.000000 0.000000 0.000000 1.000000
0.546065 -0.126855 -0.828082 0.258844 -0.010959 0.987302 -0.158474 80.127968 0.837671 0.095612 0.537742 0.369849 0.000000 0.000000 0.000000 1.000000
0.533606 -0.124302 -0.836549 0.501163 -0.006943 0.988463 -0.151303 79.766266 0.845705 0.086544 0.526587 0.676334 0.000000 0.000000 0.000000 1.000000
0.551085 -0.111505 -0.826966 0.608680 -0.005510 0.990524 -0.137230 79.598137 0.834431 0.080182 0.545248 0.876507 0.000000 0.000000 0.000000 1.000000
0.611458 -0.092617 -0.785838 0.524530 -0.005902 0.992565 -0.121574 79.639404 0.791255 0.078975 0.606365 0.977330 0.000000 0.000000 0.000000 1.000000
0.729982 -0.056324 -0.681141 0.149064 -0.017192 0.994770 -0.100684 80.014801 0.683250 0.085207 0.725196 1.089341 0.000000 0.000000 0.000000 1.000000
0.866438 -0.005439 -0.499255 -0.581657 -0.036542 0.996568 -0.074275 80.785141 0.497946 0.082599 0.863266 1.381887 0.000000 0.000000 0.000000 1.000000
0.954546 0.028237 -0.296724 -1.344890 -0.046471 0.997428 -0.054576 81.589401 0.294420 0.065885 0.953403 1.759666 0.000000 0.000000 0.000000 1.000000
0.986694 0.032449 -0.159318 -1.897400 -0.040817 0.997938 -0.049533 82.038445 0.157382 0.055377 0.985984 2.138309 0.000000 0.000000 0.000000 1.000000
0.996804 0.026663 -0.075309 -2.341920 -0.030651 0.998161 -0.052304 82.280121 0.073776 0.054445 0.995787 2.459529 0.000000 0.000000 0.000000 1.000000
0.999236 0.020557 -0.033240 -2.744893 -0.022550 0.997898 -0.060759 82.363106 0.031921 0.061462 0.997599 2.678255 0.000000 0.000000 0.000000 1.000000
0.999871 0.015719 -0.003163 -3.144464 -0.015903 0.997380 -0.070570 82.387390 0.002046 0.070611 0.997502 2.856114 0.000000 0.000000 0.000000 1.000000
0.999425 0.015109 0.030350 -3.582732 -0.012681 0.996819 -0.078681 82.355072 -0.031443 0.078251 0.996438 2.993659 0.000000 0.000000 0.000000 1.000000
0.997523 0.017508 0.068131 -4.048379 -0.011672 0.996302 -0.085122 82.292107 -0.069369 0.084116 0.994038 3.106053 0.000000 0.000000 0.000000 1.000000
0.994181 0.020549 0.105745 -4.513456 -0.011024 0.995892 -0.089879 82.235695 -0.107158 0.088190 0.990323 3.207183 0.000000 0.000000 0.000000 1.000000
0.991628 0.022604 0.127135 -4.823965 -0.011317 0.995984 -0.088814 82.263908 -0.128632 0.086632 0.987901 3.281071 0.000000 0.000000 0.000000 1.000000
0.990535 0.023535 0.135231 -4.965257 -0.011799 0.996144 -0.086940 82.284271 -0.136756 0.084521 0.986992 3.334252 0.000000 0.000000 0.000000 1.000000
0.989907 0.024103 0.139652 -5.058490 -0.012294 0.996321 -0.084813 82.298141 -0.141183 0.082240 0.986562 3.380767 0.000000 0.000000 0.000000 1.000000
0.989734 0.024373 0.140828 -5.108675 -0.012801 0.996508 -0.082505 82.307220 -0.142347 0.079855 0.986590 3.421643 0.000000 0.000000 0.000000 1.000000
0.989966 0.024411 0.139180 -5.121819 -0.013317 0.996699 -0.080090 82.313248 -0.140675 0.077433 0.987023 3.458108 0.000000 0.000000 0.000000 1.000000
0.990531 0.024278 0.135129 -5.104025 -0.013842 0.996885 -0.077643 82.317894 -0.136593 0.075037 0.987781 3.491287 0.000000 0.000000 0.000000 1.000000
0.991341 0.024033 0.129094 -5.061412 -0.014375 0.997062 -0.075236 82.322990 -0.130523 0.072729 0.988774 3.522253 0.000000 0.000000 0.000000 1.000000
0.992309 0.023732 0.121493 -5.000131 -0.014918 0.997224 -0.072945 82.330292 -0.122887 0.070572 0.989908 3.552109 0.000000 0.000000 0.000000 1.000000
0.993347 0.023427 0.112748 -4.926328 -0.015481 0.997367 -0.070846 82.341583 -0.114111 0.068629 0.991095 3.581986 0.000000 0.000000 0.000000 1.000000
0.994382 0.023167 0.103280 -4.846192 -0.016072 0.997486 -0.069012 82.358536 -0.104619 0.066965 0.992255 3.612982 0.000000 0.000000 0.000000 1.000000
0.995352 0.023000 0.093512 -4.765901 -0.016708 0.997578 -0.067521 82.382919 -0.094839 0.065645 0.993326 3.646269 0.000000 0.000000 0.000000 1.000000
0.996212 0.022967 0.083871 -4.691653 -0.017406 0.997638 -0.066447 82.416435 -0.085199 0.064736 0.994259 3.683022 0.000000 0.000000 0.000000 1.000000
0.996932 0.023111 0.074783 -4.629672 -0.018187 0.997663 -0.065867 82.460876 -0.076130 0.064305 0.995022 3.724413 0.000000 0.000000 0.000000 1.000000
0.997593 0.023535 0.065231 -4.575107 -0.019190 0.997604 -0.066461 82.530388 -0.066639 0.065049 0.995655 3.774485 0.000000 0.000000 0.000000 1.000000
0.998285 0.024175 0.053324 -4.512846 -0.020495 0.997439 -0.068517 82.629967 -0.054843 0.067307 0.996224 3.833308 0.000000 0.000000 0.000000 1.000000
0.998837 0.024745 0.041373 -4.462008 -0.021783 0.997269 -0.070572 82.727165 -0.043006 0.069589 0.996648 3.892365 0.000000 0.000000 0.000000 1.000000
0.999246 0.025157 0.029558 -4.419743 -0.022959 0.997107 -0.072461 82.822548 -0.031295 0.071728 0.996933 3.951603 0.000000 0.000000 0.000000 1.000000
0.999526 0.025158 0.017762 -4.398803 -0.023784 0.996994 -0.073742 82.913979 -0.019564 0.073285 0.997119 4.013594 0.000000 0.000000 0.000000 1.000000
0.999672 0.024962 0.005651 -4.389537 -0.024471 0.996908 -0.074672 83.003517 -0.007498 0.074510 0.997192 4.077924 0.000000 0.000000 0.000000 1.000000
0.999665 0.024816 -0.007299 -4.382455 -0.025297 0.996823 -0.075525 83.093269 0.005402 0.075685 0.997117 4.144338 0.000000 0.000000 0.000000 1.000000
0.999392 0.025109 -0.024185 -4.375803 -0.026889 0.996719 -0.076346 83.185730 0.022189 0.076950 0.996788 4.218807 0.000000 0.000000 0.000000 1.000000
0.997691 0.028031 -0.061870 -4.367266 -0.032792 0.996466 -0.077329 83.270973 0.059484 0.079180 0.995084 4.317419 0.000000 0.000000 0.000000 1.000000
0.992863 0.033633 -0.114418 -4.351440 -0.042872 0.995931 -0.079263 83.261658 0.111287 0.083603 0.990266 4.321011 0.000000 0.000000 0.000000 1.000000
0.987372 0.041944 -0.152767 -4.322001 -0.055419 0.994834 -0.085048 82.721504 0.148410 0.092440 0.984596 3.882421 0.000000 0.000000 0.000000 1.000000
0.981822 0.051660 -0.182639 -4.287540 -0.069481 0.993280 -0.092563 81.980545 0.176629 0.103570 0.978813 3.234447 0.000000 0.000000 0.000000 1.000000
0.976607 0.061744 -0.205977 -4.251618 -0.083986 0.991331 -0.101040 81.085175 0.197953 0.115975 0.973326 2.465775 0.000000 0.000000 0.000000 1.000000
0.972806 0.071434 -0.220333 -4.216105 -0.097665 0.989061 -0.110543 80.003952 0.210026 0.129056 0.969141 1.614326 0.000000 0.000000 0.000000 1.000000
0.971469 0.080066 -0.223242 -4.182306 -0.109174 0.986602 -0.121237 78.705971 0.210544 0.142150 0.967194 0.717372 0.000000 0.000000 0.000000 1.000000
0.973356 0.087039 -0.212139 -4.151195 -0.117054 0.984140 -0.133293 77.180901 0.197173 0.154573 0.968106 -0.184652 0.000000 0.000000 0.000000 1.000000
0.983980 0.088488 -0.154768 -4.113225 -0.111944 0.982317 -0.150075 74.770134 0.138752 0.164996 0.976486 -1.166355 0.000000 0.000000 0.000000 1.000000
0.995396 0.075984 -0.058421 -4.000438 -0.084988 0.981518 -0.171465 71.268028 0.044313 0.175640 0.983457 -2.129417 0.000000 0.000000 0.000000 1.000000
0.998357 0.045150 0.035278 -3.800754 -0.037261 0.979316 -0.198876 67.151016 -0.043527 0.197235 0.979389 -2.968307 0.000000 0.000000 0.000000 1.000000
0.993080 0.002507 0.117410 -3.543821 0.024723 0.972904 -0.229886 62.720215 -0.114805 0.231198 0.966109 -3.699537 0.000000 0.000000 0.000000 1.000000
0.980510 -0.038468 0.192667 -3.294067 0.089102 0.961064 -0.261568 58.199783 -0.175103 0.273637 0.945760 -4.360467 0.000000 0.000000 0.000000 1.000000
0.961789 -0.068498 0.265084 -3.119371 0.146852 0.946209 -0.288311 53.687740 -0.231076 0.316222 0.920113 -4.953539 0.000000 0.000000 0.000000 1.000000
0.938761 -0.072265 0.336905 -3.314061 0.177395 0.939586 -0.292762 49.483582 -0.295395 0.334599 0.894866 -5.412679 0.000000 0.000000 0.000000 1.000000
0.913096 -0.059971 0.403309 -3.778852 0.191015 0.936787 -0.293161 45.833447 -0.360234 0.344723 0.866832 -5.933110 0.000000 0.000000 0.000000 1.000000
0.894097 -0.049785 0.445097 -4.161472 0.213974 0.920531 -0.326861 43.426422 -0.393453 0.387485 0.833697 -6.893568 0.000000 0.000000 0.000000 1.000000
0.886644 -0.049036 0.459845 -4.338766 0.243388 0.894986 -0.373847 42.176941 -0.393223 0.443390 0.805469 -8.144178 0.000000 0.000000 0.000000 1.000000
0.888072 -0.059403 0.455849 -4.378795 0.268755 0.871591 -0.410000 41.825684 -0.372959 0.486622 0.790001 -9.412128 0.000000 0.000000 0.000000 1.000000
0.891091 -0.077479 0.447163 -4.397546 0.289163 0.856343 -0.427857 41.821472 -0.349775 0.510562 0.785483 -10.505143 0.000000 0.000000 0.000000 1.000000
0.893470 -0.099641 0.437930 -4.426436 0.306637 0.847782 -0.432712 41.937775 -0.328153 0.520901 0.788021 -11.453117 0.000000 0.000000 0.000000 1.000000
0.894600 -0.122052 0.429878 -4.553148 0.320217 0.846073 -0.426170 42.035931 -0.311693 0.518905 0.795980 -12.155541 0.000000 0.000000 0.000000 1.000000
0.894926 -0.141601 0.423150 -4.808739 0.329259 0.849589 -0.412053 42.066925 -0.301156 0.508083 0.806943 -12.599081 0.000000 0.000000 0.000000 1.000000
0.894981 -0.156484 0.417758 -5.162447 0.334277 0.855369 -0.395732 42.042614 -0.295411 0.493819 0.817848 -12.845459 0.000000 0.000000 0.000000 1.000000
0.894899 -0.165698 0.414368 -5.558520 0.336127 0.861041 -0.381611 42.014362 -0.293555 0.480783 0.826240 -12.960072 0.000000 0.000000 0.000000 1.000000
0.894479 -0.170230 0.413435 -5.938838 0.336659 0.864926 -0.372242 42.028751 -0.294224 0.472149 0.830968 -13.040366 0.000000 0.000000 0.000000 1.000000
0.893538 -0.171593 0.414905 -6.275820 0.337151 0.866699 -0.367645 42.099350 -0.296512 0.468390 0.832281 -13.146583 0.000000 0.000000 0.000000 1.000000
0.892486 -0.170829 0.417476 -6.573389 0.337100 0.867559 -0.365658 42.202911 -0.299720 0.467075 0.831871 -13.281915 0.000000 0.000000 0.000000 1.000000
0.891714 -0.167579 0.420432 -6.829681 0.335628 0.868046 -0.365857 42.325844 -0.303644 0.467348 0.830293 -13.425397 0.000000 0.000000 0.000000 1.000000
0.891276 -0.162864 0.423205 -7.059721 0.333052 0.868472 -0.367195 42.447151 -0.307739 0.468221 0.828291 -13.559312 0.000000 0.000000 0.000000 1.000000
0.891279 -0.157219 0.425329 -7.274287 0.329320 0.869219 -0.368792 42.544502 -0.311723 0.468766 0.826491 -13.670761 0.000000 0.000000 0.000000 1.000000
0.892539 -0.151011 0.424934 -7.449680 0.323773 0.870487 -0.370708 42.585289 -0.313919 0.468454 0.825837 -13.700587 0.000000 0.000000 0.000000 1.000000
0.895674 -0.144363 0.420626 -7.555746 0.316011 0.872104 -0.373593 42.542114 -0.312897 0.467540 0.826742 -13.603580 0.000000 0.000000 0.000000 1.000000
0.900066 -0.137500 0.413491 -7.583034 0.306291 0.874581 -0.375891 42.460461 -0.309946 0.464976 0.829295 -13.405812 0.000000 0.000000 0.000000 1.000000
0.905273 -0.131167 0.404073 -7.483980 0.294553 0.879193 -0.374510 42.358261 -0.306135 0.458055 0.834546 -13.072395 0.000000 0.000000 0.000000 1.000000
0.909934 -0.122534 0.396239 -7.231021 0.278593 0.888322 -0.365062 42.298157 -0.307255 0.442572 0.842451 -12.546097 0.000000 0.000000 0.000000 1.000000
0.912183 -0.105271 0.396030 -6.792410 0.253025 0.904896 -0.342260 42.416759 -0.322336 0.412409 0.852067 -11.745348 0.000000 0.000000 0.000000 1.000000
0.912335 -0.077598 0.402025 -6.173840 0.214130 0.927326 -0.306945 42.821247 -0.348990 0.366122 0.862648 -10.671425 0.000000 0.000000 0.000000 1.000000
0.915625 -0.042532 0.399777 -5.370848 0.158318 0.952186 -0.261299 43.937737 -0.369548 0.302544 0.878579 -9.309553 0.000000 0.000000 0.000000 1.000000
0.925302 -0.022294 0.378576 -4.628219 0.112116 0.969729 -0.216923 45.825157 -0.362280 0.243164 0.899791 -7.855319 0.000000 0.000000 0.000000 1.000000
0.938183 -0.024265 0.345287 -4.038367 0.092543 0.978811 -0.182662 48.194885 -0.333538 0.203325 0.920550 -6.591191 0.000000 0.000000 0.000000 1.000000
0.953242 -0.034486 0.300234 -3.357820 0.083809 0.984668 -0.152989 50.858070 -0.290355 0.170998 0.941517 -5.633317 0.000000 0.000000 0.000000 1.000000
0.971638 -0.048407 0.231464 -2.470174 0.079520 0.988705 -0.127036 53.892986 -0.222700 0.141840 0.964513 -5.064341 0.000000 0.000000 0.000000 1.000000
0.990453 -0.056244 0.125851 -1.423238 0.069831 0.991880 -0.106289 57.172504 -0.118851 0.114063 0.986339 -4.842718 0.000000 0.000000 0.000000 1.000000
0.998556 -0.049717 -0.020332 -0.350608 0.047464 0.993920 -0.099352 60.407467 0.025148 0.098244 0.994845 -4.919185 0.000000 0.000000 0.000000 1.000000
0.980684 -0.042987 -0.190816 0.722961 0.021616 0.993394 -0.112697 63.437576 0.194400 0.106396 0.975135 -5.245542 0.000000 0.000000 0.000000 1.000000
0.934056 -0.052315 -0.353273 1.759440 0.001348 0.989722 -0.143001 66.316101 0.357123 0.133094 0.924526 -5.608286 0.000000 0.000000 0.000000 1.000000
0.870707 -0.079839 -0.485279 2.487898 -0.012292 0.982894 -0.183761 68.903297 0.491649 0.165967 0.854831 -5.637058 0.000000 0.000000 0.000000 1.000000
0.802923 -0.111566 -0.585549 2.767643 -0.023490 0.975643 -0.218102 71.164505 0.595620 0.188874 0.780746 -5.245086 0.000000 0.000000 0.000000 1.000000
0.737396 -0.136429 -0.661540 2.735601 -0.032913 0.970969 -0.236929 73.271767 0.674659 0.196483 0.711498 -4.617968 0.000000 0.000000 0.000000 1.000000
0.694270 -0.139589 -0.706048 2.156276 -0.032418 0.973950 -0.224432 75.150040 0.718984 0.178705 0.671659 -3.542645 0.000000 0.000000 0.000000 1.000000
0.658123 -0.134815 -0.740743 1.422402 -0.027549 0.978868 -0.202629 76.957428 0.752407 0.153761 0.640501 -2.328315 0.000000 0.000000 0.000000 1.000000
0.622578 -0.127494 -0.772103 0.667410 -0.020843 0.983588 -0.179222 78.748596 0.782280 0.127673 0.609703 -1.085664 0.000000 0.000000 0.000000 1.000000
0.582187 -0.121236 -0.803965 -0.023222 -0.014365 0.987132 -0.159259 80.561256 0.812928 0.104268 0.572954 0.106732 0.000000 0.000000 0.000000 1.000000</float_array>
        <technique_common>
          <accessor source="#mixamorig_Hips-Matrix-animation-output-transform-array" count="90" stride="16">
            <param type="float4x4"/>
          </accessor>
        </technique_common>
      </source>
      <source id="mixamorig_Hips-Interpolations">
        <Name_array id="mixamorig_Hips-Interpolations-array" count="90">
 LINEAR LINEAR LINEAR LINEAR LINEAR LINEAR LINEAR LINEAR LINEAR LINEAR LINEAR
LINEAR LINEAR LINEAR LINEAR LINEAR LINEAR LINEAR LINEAR LINEAR LINEAR LINEAR LINEAR
LINEAR LINEAR LINEAR LINEAR LINEAR LINEAR LINEAR LINEAR LINEAR LINEAR LINEAR LINEAR
LINEAR LINEAR LINEAR LINEAR LINEAR LINEAR LINEAR LINEAR LINEAR LINEAR LINEAR LINEAR
LINEAR LINEAR LINEAR LINEAR LINEAR LINEAR LINEAR LINEAR LINEAR LINEAR LINEAR LINEAR
LINEAR LINEAR LINEAR LINEAR LINEAR LINEAR LINEAR LINEAR LINEAR LINEAR LINEAR LINEAR
LINEAR LINEAR LINEAR LINEAR LINEAR LINEAR LINEAR LINEAR LINEAR LINEAR LINEAR LINEAR
LINEAR LINEAR LINEAR LINEAR LINEAR LINEAR LINEAR</Name_array>
        <technique_common>
          <accessor source="#mixamorig_Hips-Interpolations-array" count="90">
            <param type="name"/>
          </accessor>
        </technique_common>
      </source>
      <sampler id="mixamorig_Hips-Matrix-animation-transform">
        <input semantic="INPUT" source="#mixamorig_Hips-Matrix-animation-input"/>
        <input semantic="OUTPUT" source="#mixamorig_Hips-Matrix-animation-output-transform"/>
        <input semantic="INTERPOLATION" source="#mixamorig_Hips-Interpolations"/>
      </sampler>
      <channel source="#mixamorig_Hips-Matrix-animation-transform" target="mixamorig_Hips/matrix"/>
    </animation>
    <animation id="mixamorig_Spine-anim" name="mixamorig_Spine">
      <source id="mixamorig_Spine-Matrix-animation-input">
        <float_array id="mixamorig_Spine-Matrix-animation-input-array" count="90">

0.000000 0.033333 0.066667 0.100000 0.133333 0.166667 0.200000 0.233333 0.266667 0.300000 0.333333 0.366667 0.400000 0.433333 0.466667 0.500000
0.533333 0.566667 0.600000 0.633333 0.666667 0.700000 0.733333 0.766667 0.800000 0.833333 0.866667 0.900000 0.933333 0.966667 1.000000 1.033333
1.066667 1.100000 1.133333 1.166667 1.200000 1.233333 1.266667 1.300000 1.333333 1.366667 1.400000 1.433333 1.466667 1.500000 1.533333 1.566667
1.600000 1.633333 1.666667 1.700000 1.733333 1.766667 1.800000 1.833333 1.866667 1.900000 1.933333 1.966667 2.000000 2.033333 2.066667 2.100000
2.133333 2.166667 2.200000 2.233333 2.266667 2.300000 2.333333 2.366667 2.400000 2.433333 2.466667 2.500000 2.533333 2.566667 2.600000 2.633333
2.666667 2.700000 2.733333 2.766667 2.800000 2.833333 2.866667 2.900000 2.933333 2.966667</float_array>
        <technique_common>
          <accessor source="#mixamorig_Spine-Matrix-animation-input-array" count="90">
            <param name="TIME" type="float"/>
          </accessor>
        </technique_common>
      </source>
      <source id="mixamorig_Spine-Matrix-animation-output-transform">
        <float_array id="mixamorig_Spine-Matrix-animation-output-transform-array" count="1440">

0.996514 0.049266 0.067321 0.017300 -0.047750 0.998572 -0.023939 10.574800 -0.068404 0.020641 0.997444 -1.117200 0.000000 0.000000 0.000000 1.000000
0.995900 0.049426 0.075761 0.017300 -0.047587 0.998532 -0.025882 10.574800 -0.076929 0.022171 0.996790 -1.117200 0.000000 0.000000 0.000000 1.000000
0.995410 0.050967 0.081006 0.017300 -0.048623 0.998347 -0.030657 10.574800 -0.082435 0.026577 0.996242 -1.117200 0.000000 0.000000 0.000000 1.000000
0.995315 0.050743 0.082297 0.017300 -0.047859 0.998182 -0.036641 10.574800 -0.084006 0.032531 0.995934 -1.117200 0.000000 0.000000 0.000000 1.000000
0.996240 0.049126 0.071368 0.017300 -0.046526 0.998207 -0.037652 10.574800 -0.073090 0.034190 0.996739 -1.117200 0.000000 0.000000 0.000000 1.000000
0.998663 0.037110 0.035999 0.017300 -0.035815 0.998711 -0.035969 10.574800 -0.037287 0.034631 0.998704 -1.117200 0.000000 0.000000 0.000000 1.000000
0.999609 0.027950 -0.000057 0.017300 -0.027932 0.998872 -0.038404 10.574800 -0.001017 0.038391 0.999262 -1.117200 0.000000 0.000000 0.000000 1.000000
0.999186 0.039916 -0.005878 0.017300 -0.040148 0.998100 -0.046735 10.574800 0.004001 0.046933 0.998890 -1.117200 0.000000 0.000000 0.000000 1.000000
0.997754 0.065283 0.015006 0.017300 -0.064386 0.996460 -0.054051 10.574800 -0.018482 0.052963 0.998425 -1.117200 0.000000 0.000000 0.000000 1.000000
0.994721 0.090995 0.047429 0.017300 -0.088060 0.994266 -0.060671 10.574800 -0.052678 0.056174 0.997030 -1.117200 0.000000 0.000000 0.000000 1.000000
0.990824 0.106368 0.083389 0.017300 -0.101306 0.992874 -0.062760 10.574800 -0.089470 0.053737 0.994539 -1.117200 0.000000 0.000000 0.000000 1.000000
0.986114 0.117178 0.117683 0.017300 -0.110383 0.991909 -0.062707 10.574800 -0.124079 0.048846 0.991069 -1.117200 0.000000 0.000000 0.000000 1.000000
0.982161 0.125170 0.140331 0.017300 -0.117792 0.991240 -0.059737 10.574800 -0.146579 0.042141 0.988301 -1.117200 0.000000 0.000000 0.000000 1.000000
0.979203 0.131872 0.154178 0.017300 -0.124749 0.990660 -0.055041 10.574800 -0.159996 0.034663 0.986509 -1.117200 0.000000 0.000000 0.000000 1.000000
0.976797 0.138454 0.163393 0.017300 -0.131842 0.989974 -0.050692 10.574800 -0.168773 0.027974 0.985258 -1.117200 0.000000 0.000000 0.000000 1.000000
0.976275 0.142777 0.162792 0.017300 -0.136601 0.989434 -0.048580 10.574800 -0.168008 0.025190 0.985464 -1.117200 0.000000 0.000000 0.000000 1.000000
0.976146 0.144729 0.161841 0.017300 -0.138956 0.989206 -0.046498 10.574800 -0.166823 0.022900 0.985721 -1.117200 0.000000 0.000000 0.000000 1.000000
0.976103 0.146010 0.160950 0.017300 -0.140620 0.989065 -0.044448 10.574800 -0.165680 0.020753 0.985961 -1.117200 0.000000 0.000000 0.000000 1.000000
0.976134 0.146699 0.160130 0.017300 -0.141677 0.989004 -0.042404 10.574800 -0.164590 0.018705 0.986185 -1.117200 0.000000 0.000000 0.000000 1.000000
0.976229 0.146871 0.159392 0.017300 -0.142208 0.989015 -0.040338 10.574800 -0.163566 0.016712 0.986391 -1.117200 0.000000 0.000000 0.000000 1.000000
0.976375 0.146602 0.158745 0.017300 -0.142297 0.989086 -0.038221 10.574800 -0.162615 0.014729 0.986580 -1.117200 0.000000 0.000000 0.000000 1.000000
0.976558 0.145973 0.158198 0.017300 -0.142028 0.989207 -0.036026 10.574800 -0.161749 0.012713 0.986750 -1.117200 0.000000 0.000000 0.000000 1.000000
0.976765 0.145060 0.157761 0.017300 -0.141485 0.989366 -0.033724 10.574800 -0.160975 0.010619 0.986901 -1.117200 0.000000 0.000000 0.000000 1.000000
0.976981 0.143941 0.157443 0.017300 -0.140751 0.989551 -0.031285 10.574800 -0.160301 0.008405 0.987032 -1.117200 0.000000 0.000000 0.000000 1.000000
0.977195 0.142694 0.157255 0.017300 -0.139911 0.989749 -0.028682 10.574800 -0.159736 0.006026 0.987141 -1.117200 0.000000 0.000000 0.000000 1.000000
0.977389 0.141395 0.157220 0.017300 -0.139048 0.989947 -0.025884 10.574800 -0.159300 0.003438 0.987224 -1.117200 0.000000 0.000000 0.000000 1.000000
0.977558 0.140121 0.157311 0.017300 -0.138245 0.990134 -0.022858 10.574800 -0.158962 0.000597 0.987285 -1.117200 0.000000 0.000000 0.000000 1.000000
0.977682 0.138950 0.157576 0.017300 -0.137587 0.990296 -0.019578 10.574800 -0.158767 -0.002539 0.987313 -1.117200 0.000000 0.000000 0.000000 1.000000
0.977743 0.137700 0.158296 0.017300 -0.136957 0.990453 -0.015646 10.574800 -0.158940 -0.006382 0.987268 -1.117200 0.000000 0.000000 0.000000 1.000000
0.977748 0.136035 0.159695 0.017300 -0.136040 0.990643 -0.010954 10.574800 -0.159691 -0.011014 0.987106 -1.117200 0.000000 0.000000 0.000000 1.000000
0.977747 0.134383 0.161096 0.017300 -0.135109 0.990809 -0.006486 10.574800 -0.160487 -0.015423 0.986918 -1.117200 0.000000 0.000000 0.000000 1.000000
0.977758 0.132786 0.162351 0.017300 -0.134178 0.990954 -0.002411 10.574800 -0.161203 -0.019427 0.986730 -1.117200 0.000000 0.000000 0.000000 1.000000
0.977799 0.131290 0.163314 0.017300 -0.133257 0.991081 0.001103 10.574800 -0.161713 -0.022842 0.986574 -1.117200 0.000000 0.000000 0.000000 1.000000
0.977906 0.130008 0.163697 0.017300 -0.132297 0.991205 0.003113 10.574800 -0.161853 -0.024701 0.986506 -1.117200 0.000000 0.000000 0.000000 1.000000
0.978039 0.128526 0.164078 0.017300 -0.131088 0.991359 0.004838 10.574800 -0.162038 -0.026241 0.986435 -1.117200 0.000000 0.000000 0.000000 1.000000
0.978171 0.125405 0.165698 0.017300 -0.128232 0.991723 0.006432 10.574800 -0.163520 -0.027539 0.986156 -1.117200 0.000000 0.000000 0.000000 1.000000
0.978614 0.116950 0.169228 0.017300 -0.119844 0.992768 0.006954 10.574800 -0.167191 -0.027086 0.985552 -1.117200 0.000000 0.000000 0.000000 1.000000
0.980176 0.106535 0.167047 0.017300 -0.108784 0.994056 0.004341 10.574800 -0.165592 -0.022427 0.985939 -1.117200 0.000000 0.000000 0.000000 1.000000
0.984455 0.099550 0.144700 0.017300 -0.099598 0.995004 -0.006932 10.574800 -0.144667 -0.007588 0.989451 -1.117200 0.000000 0.000000 0.000000 1.000000
0.989425 0.094632 0.109920 0.017300 -0.092654 0.995433 -0.022977 10.574800 -0.111592 0.012550 0.993675 -1.117200 0.000000 0.000000 0.000000 1.000000
0.993438 0.091062 0.069204 0.017300 -0.088314 0.995216 -0.041789 10.574800 -0.072678 0.035403 0.996727 -1.117200 0.000000 0.000000 0.000000 1.000000
0.995676 0.088919 0.026891 0.017300 -0.087111 0.994252 -0.062239 10.574800 -0.032271 0.059627 0.997699 -1.117200 0.000000 0.000000 0.000000 1.000000
0.996015 0.088290 -0.012613 0.017300 -0.089035 0.992557 -0.083082 10.574800 0.005184 0.083873 0.996463 -1.117200 0.000000 0.000000 0.000000 1.000000
0.994993 0.089284 -0.044923 0.017300 -0.093515 0.990264 -0.103115 10.574800 0.035279 0.106800 0.993654 -1.117200 0.000000 0.000000 0.000000 1.000000
0.993798 0.096185 -0.055806 0.017300 -0.102421 0.987175 -0.122459 10.574800 0.043312 0.127415 0.990903 -1.117200 0.000000 0.000000 0.000000 1.000000
0.993263 0.111043 -0.033150 0.017300 -0.114671 0.983093 -0.142752 10.574800 0.016738 0.145592 0.989203 -1.117200 0.000000 0.000000 0.000000 1.000000
0.990926 0.133115 0.018579 0.017300 -0.128405 0.978443 -0.161742 10.574800 -0.039709 0.157889 0.986658 -1.117200 0.000000 0.000000 0.000000 1.000000
0.983153 0.159855 0.088639 0.017300 -0.142034 0.973358 -0.180002 10.574800 -0.115052 0.164380 0.979664 -1.117200 0.000000 0.000000 0.000000 1.000000
0.969437 0.182630 0.163825 0.017300 -0.149020 0.968777 -0.198152 10.574800 -0.194899 0.167683 0.966383 -1.117200 0.000000 0.000000 0.000000 1.000000
0.953302 0.192659 0.232589 0.017300 -0.141873 0.965520 -0.218275 10.574800 -0.266622 0.175084 0.947765 -1.117200 0.000000 0.000000 0.000000 1.000000
0.950137 0.167541 0.263002 0.017300 -0.100706 0.963075 -0.249691 10.574800 -0.295124 0.210755 0.931925 -1.117200 0.000000 0.000000 0.000000 1.000000
0.956865 0.124498 0.262506 0.017300 -0.047757 0.958644 -0.280573 10.574800 -0.286580 0.255934 0.923239 -1.117200 0.000000 0.000000 0.000000 1.000000
0.960516 0.093844 0.261920 0.017300 -0.015238 0.957730 -0.287266 10.574800 -0.277807 0.271932 0.921345 -1.117200 0.000000 0.000000 0.000000 1.000000
0.961332 0.074376 0.265158 0.017300 0.003447 0.959515 -0.281636 10.574800 -0.275370 0.271660 0.922156 -1.117200 0.000000 0.000000 0.000000 1.000000
0.962013 0.058867 0.266583 0.017300 0.017085 0.961581 -0.273991 10.574800 -0.272470 0.268137 0.924047 -1.117200 0.000000 0.000000 0.000000 1.000000
0.962755 0.044937 0.266616 0.017300 0.028518 0.963713 -0.265412 10.574800 -0.268868 0.263130 0.926538 -1.117200 0.000000 0.000000 0.000000 1.000000
0.963450 0.031962 0.265973 0.017300 0.038796 0.965742 -0.256586 10.574800 -0.265063 0.257527 0.929205 -1.117200 0.000000 0.000000 0.000000 1.000000
0.963484 0.020666 0.266967 0.017300 0.048064 0.967476 -0.248356 10.574800 -0.263417 0.252118 0.931154 -1.117200 0.000000 0.000000 0.000000 1.000000
0.962316 0.012166 0.271661 0.017300 0.055916 0.968798 -0.241461 10.574800 -0.266122 0.247552 0.931610 -1.117200 0.000000 0.000000 0.000000 1.000000
0.960502 0.006038 0.278209 0.017300 0.062350 0.969677 -0.236302 10.574800 -0.271200 0.244315 0.931000 -1.117200 0.000000 0.000000 0.000000 1.000000
0.958513 0.003156 0.285030 0.017300 0.066466 0.969900 -0.234256 10.574800 -0.277190 0.243482 0.929453 -1.117200 0.000000 0.000000 0.000000 1.000000
0.956906 0.003069 0.290380 0.017300 0.068223 0.969581 -0.235069 10.574800 -0.282269 0.244750 0.927589 -1.117200 0.000000 0.000000 0.000000 1.000000
0.955762 0.004781 0.294102 0.017300 0.068241 0.968983 -0.237518 10.574800 -0.286116 0.247081 0.925791 -1.117200 0.000000 0.000000 0.000000 1.000000
0.954907 0.007268 0.296815 0.017300 0.067344 0.968343 -0.240368 10.574800 -0.289166 0.249518 0.924188 -1.117200 0.000000 0.000000 0.000000 1.000000
0.954277 0.010458 0.298740 0.017300 0.065586 0.967711 -0.243380 10.574800 -0.291639 0.251845 0.922779 -1.117200 0.000000 0.000000 0.000000 1.000000
0.953752 0.014086 0.300266 0.017300 0.063263 0.967123 -0.246315 10.574800 -0.293864 0.253919 0.921504 -1.117200 0.000000 0.000000 0.000000 1.000000
0.953237 0.017972 0.301688 0.017300 0.060556 0.966629 -0.248922 10.574800 -0.296094 0.255550 0.920338 -1.117200 0.000000 0.000000 0.000000 1.000000
0.952654 0.022017 0.303259 0.017300 0.057465 0.966364 -0.250678 10.574800 -0.298577 0.256236 0.919345 -1.117200 0.000000 0.000000 0.000000 1.000000
0.951999 0.026270 0.304971 0.017300 0.053829 0.966417 -0.251279 10.574800 -0.301330 0.255633 0.918614 -1.117200 0.000000 0.000000 0.000000 1.000000
0.951196 0.031022 0.307025 0.017300 0.049684 0.966558 -0.251588 10.574800 -0.304563 0.254564 0.917845 -1.117200 0.000000 0.000000 0.000000 1.000000
0.949990 0.037071 0.310072 0.017300 0.044694 0.966566 -0.252494 10.574800 -0.309065 0.253725 0.916571 -1.117200 0.000000 0.000000 0.000000 1.000000
0.948542 0.043207 0.313689 0.017300 0.039933 0.966416 -0.253862 10.574800 -0.314123 0.253325 0.914961 -1.117200 0.000000 0.000000 0.000000 1.000000
0.948054 0.044807 0.314939 0.017300 0.038836 0.966322 -0.254389 10.574800 -0.315731 0.253406 0.914385 -1.117200 0.000000 0.000000 0.000000 1.000000
0.949900 0.041240 0.309820 0.017300 0.041089 0.966177 -0.254586 10.574800 -0.309840 0.254562 0.916077 -1.117200 0.000000 0.000000 0.000000 1.000000
0.956482 0.040819 0.288921 0.017300 0.038625 0.963742 -0.264027 10.574800 -0.289223 0.263697 0.920225 -1.117200 0.000000 0.000000 0.000000 1.000000
0.965753 0.065706 0.251005 0.017300 0.008477 0.958897 -0.283627 10.574800 -0.259324 0.276042 0.925501 -1.117200 0.000000 0.000000 0.000000 1.000000
0.977733 0.102994 0.182842 0.017300 -0.045077 0.954017 -0.296345 10.574800 -0.204956 0.281504 0.937416 -1.117200 0.000000 0.000000 0.000000 1.000000
0.987304 0.128470 0.093413 0.017300 -0.095805 0.950707 -0.294920 10.574800 -0.126697 0.282226 0.950945 -1.117200 0.000000 0.000000 0.000000 1.000000
0.990848 0.134963 -0.002099 0.017300 -0.130149 0.951151 -0.279953 10.574800 -0.035787 0.277664 0.960011 -1.117200 0.000000 0.000000 0.000000 1.000000
0.989107 0.124305 -0.078843 0.017300 -0.140814 0.955079 -0.260761 10.574800 0.042888 0.269023 0.962179 -1.117200 0.000000 0.000000 0.000000 1.000000
0.987799 0.100876 -0.118649 0.017300 -0.126923 0.962939 -0.237989 10.574800 0.090244 0.250144 0.963994 -1.117200 0.000000 0.000000 0.000000 1.000000
0.990132 0.072114 -0.120155 0.017300 -0.096231 0.973190 -0.208906 10.574800 0.101869 0.218407 0.970526 -1.117200 0.000000 0.000000 0.000000 1.000000
0.992332 0.045307 -0.114995 0.017300 -0.064985 0.982667 -0.173617 10.574800 0.105135 0.179759 0.978076 -1.117200 0.000000 0.000000 0.000000 1.000000
0.993599 0.027586 -0.109548 0.017300 -0.041820 0.990652 -0.129844 10.574800 0.104942 0.133594 0.985464 -1.117200 0.000000 0.000000 0.000000 1.000000
0.995708 0.021946 -0.089913 0.017300 -0.029422 0.996141 -0.082690 10.574800 0.087751 0.084981 0.992511 -1.117200 0.000000 0.000000 0.000000 1.000000
0.997856 0.024902 -0.060529 0.017300 -0.028529 0.997801 -0.059824 10.574800 0.058906 0.061422 0.996372 -1.117200 0.000000 0.000000 0.000000 1.000000
0.999115 0.030384 -0.029080 0.017300 -0.031748 0.998358 -0.047671 10.574800 0.027584 0.048552 0.998440 -1.117200 0.000000 0.000000 0.000000 1.000000
0.999324 0.036625 0.003035 0.017300 -0.036478 0.998567 -0.039153 10.574800 -0.004465 0.039016 0.999229 -1.117200 0.000000 0.000000 0.000000 1.000000
0.998441 0.043171 0.035389 0.017300 -0.042032 0.998593 -0.032328 10.574800 -0.036735 0.030790 0.998851 -1.117200 0.000000 0.000000 0.000000 1.000000
0.996514 0.049266 0.067321 0.017300 -0.047750 0.998572 -0.023939 10.574800 -0.068404 0.020641 0.997444 -1.117200 0.000000 0.000000 0.000000 1.000000</float_array>
        <technique_common>
          <accessor source="#mixamorig_Spine-Matrix-animation-output-transform-array" count="90" stride="16">
            <param type="float4x4"/>
          </accessor>
        </technique_common>
      </source>
      <source id="mixamorig_Spine-Interpolations">
        <Name_array id="mixamorig_Spine-Interpolations-array" count="90">
 LINEAR LINEAR LINEAR LINEAR LINEAR LINEAR LINEAR LINEAR LINEAR LINEAR LINEAR
LINEAR LINEAR LINEAR LINEAR LINEAR LINEAR LINEAR LINEAR LINEAR LINEAR LINEAR LINEAR
LINEAR LINEAR LINEAR LINEAR LINEAR LINEAR LINEAR LINEAR LINEAR LINEAR LINEAR LINEAR
LINEAR LINEAR LINEAR LINEAR LINEAR LINEAR LINEAR LINEAR LINEAR LINEAR LINEAR LINEAR
LINEAR LINEAR LINEAR LINEAR LINEAR LINEAR LINEAR LINEAR LINEAR LINEAR LINEAR LINEAR
LINEAR LINEAR LINEAR LINEAR LINEAR LINEAR LINEAR LINEAR LINEAR LINEAR LINEAR LINEAR
LINEAR LINEAR LINEAR LINEAR LINEAR LINEAR LINEAR LINEAR LINEAR LINEAR LINEAR LINEAR
LINEAR LINEAR LINEAR LINEAR LINEAR LINEAR LINEAR</Name_array>
        <technique_common>
          <accessor source="#mixamorig_Spine-Interpolations-array" count="90">
            <param type="name"/>
          </accessor>
        </technique_common>
      </source>
      <sampler id="mixamorig_Spine-Matrix-animation-transform">
        <input semantic="INPUT" source="#mixamorig_Spine-Matrix-animation-input"/>
        <input semantic="OUTPUT" source="#mixamorig_Spine-Matrix-animation-output-transform"/>
        <input semantic="INTERPOLATION" source="#mixamorig_Spine-Interpolations"/>
      </sampler>
      <channel source="#mixamorig_Spine-Matrix-animation-transform" target="mixamorig_Spine/matrix"/>
    </animation>
    <animation id="mixamorig_Spine1-anim" name="mixamorig_Spine1">
      <source id="mixamorig_Spine1-Matrix-animation-input">
        <float_array id="mixamorig_Spine1-Matrix-animation-input-array" count="90">

0.000000 0.033333 0.066667 0.100000 0.133333 0.166667 0.200000 0.233333 0.266667 0.300000 0.333333 0.366667 0.400000 0.433333 0.466667 0.500000
0.533333 0.566667 0.600000 0.633333 0.666667 0.700000 0.733333 0.766667 0.800000 0.833333 0.866667 0.900000 0.933333 0.966667 1.000000 1.033333
1.066667 1.100000 1.133333 1.166667 1.200000 1.233333 1.266667 1.300000 1.333333 1.366667 1.400000 1.433333 1.466667 1.500000 1.533333 1.566667
1.600000 1.633333 1.666667 1.700000 1.733333 1.766667 1.800000 1.833333 1.866667 1.900000 1.933333 1.966667 2.000000 2.033333 2.066667 2.100000
2.133333 2.166667 2.200000 2.233333 2.266667 2.300000 2.333333 2.366667 2.400000 2.433333 2.466667 2.500000 2.533333 2.566667 2.600000 2.633333
2.666667 2.700000 2.733333 2.766667 2.800000 2.833333 2.866667 2.900000 2.933333 2.966667</float_array>
        <technique_common>
          <accessor source="#mixamorig_Spine1-Matrix-animation-input-array" count="90">
            <param name="TIME" type="float"/>
          </accessor>
        </technique_common>
      </source>
      <source id="mixamorig_Spine1-Matrix-animation-output-transform">
        <float_array id="mixamorig_Spine1-Matrix-animation-output-transform-array" count="1440">

0.998869 -0.042936 0.020427 0.000000 0.043367 0.998836 -0.021132 12.406000 -0.019496 0.021994 0.999568 0.000000 0.000000 0.000000 0.000000 1.000000
0.998665 -0.046404 0.022669 0.000000 0.046910 0.998650 -0.022293 12.406000 -0.021604 0.023327 0.999494 0.000000 0.000000 0.000000 0.000000 1.000000
0.998438 -0.050444 0.024016 -0.000000 0.051013 0.998417 -0.023702 12.406000 -0.022783 0.024890 0.999431 0.000000 0.000000 0.000000 0.000000 1.000000
0.998245 -0.054052 0.024206 0.000000 0.054620 0.998232 -0.023446 12.406000 -0.022896 0.024727 0.999432 0.000000 0.000000 0.000000 0.000000 1.000000
0.998235 -0.055536 0.021026 0.000000 0.055990 0.998197 -0.021611 12.406000 -0.019788 0.022750 0.999545 0.000000 0.000000 0.000000 0.000000 1.000000
0.998401 -0.055486 0.010809 0.000000 0.055687 0.998262 -0.019275 12.406000 -0.009721 0.019846 0.999756 -0.000000 0.000000 0.000000 0.000000 1.000000
0.998638 -0.052172 0.000577 -0.000000 0.052174 0.998508 -0.016138 12.406000 0.000266 0.016146 0.999870 0.000000 0.000000 0.000000 0.000000 1.000000
0.999002 -0.044658 -0.000263 0.000000 0.044651 0.998920 -0.012847 12.406000 0.000836 0.012823 0.999917 0.000000 0.000000 0.000000 0.000000 1.000000
0.999442 -0.032638 0.007167 0.000000 0.032719 0.999398 -0.011505 12.406000 -0.006787 0.011733 0.999908 0.000000 0.000000 0.000000 0.000000 1.000000
0.999643 -0.019845 0.017886 0.000000 0.020061 0.999727 -0.011998 12.406000 -0.017643 0.012353 0.999768 0.000000 0.000000 0.000000 0.000000 1.000000
0.999526 -0.010917 0.028792 -0.000000 0.011321 0.999839 -0.013905 12.406000 -0.028635 0.014224 0.999489 0.000000 0.000000 0.000000 0.000000 1.000000
0.999236 -0.003928 0.038893 0.000000 0.004554 0.999862 -0.016004 12.406000 -0.038824 0.016168 0.999115 0.000000 0.000000 0.000000 0.000000 1.000000
0.998962 0.001303 0.045526 0.000000 -0.000546 0.999861 -0.016652 12.406000 -0.045541 0.016610 0.998824 0.000000 0.000000 0.000000 0.000000 1.000000
0.998754 0.005531 0.049593 0.000000 -0.004733 0.999858 -0.016181 12.406000 -0.049675 0.015927 0.998638 0.000000 0.000000 0.000000 0.000000 1.000000
0.998584 0.009352 0.052374 0.000000 -0.008550 0.999843 -0.015510 12.406000 -0.052511 0.015040 0.998507 0.000000 0.000000 0.000000 0.000000 1.000000
0.998562 0.011431 0.052377 0.000000 -0.010662 0.999832 -0.014923 12.406000 -0.052539 0.014343 0.998516 0.000000 0.000000 0.000000 0.000000 1.000000
0.998558 0.012608 0.052186 0.000000 -0.011882 0.999829 -0.014196 12.406000 -0.052356 0.013556 0.998536 -0.000000 0.000000 0.000000 0.000000 1.000000
0.998556 0.013531 0.051988 -0.000000 -0.012849 0.999827 -0.013435 12.406000 -0.052161 0.012747 0.998557 0.000000 0.000000 0.000000 0.000000 1.000000
0.998557 0.014236 0.051786 0.000000 -0.013598 0.999828 -0.012638 12.406000 -0.051957 0.011916 0.998578 0.000000 0.000000 0.000000 0.000000 1.000000
0.998560 0.014757 0.051584 -0.000000 -0.014166 0.999830 -0.011809 12.406000 -0.051750 0.011061 0.998599 0.000000 0.000000 0.000000 0.000000 1.000000
0.998564 0.015131 0.051386 0.000000 -0.014587 0.999834 -0.010946 12.406000 -0.051543 0.010181 0.998619 -0.000000 0.000000 0.000000 0.000000 1.000000
0.998570 0.015393 0.051195 0.000000 -0.014897 0.999839 -0.010052 12.406000 -0.051341 0.009275 0.998638 0.000000 0.000000 0.000000 0.000000 1.000000
0.998576 0.015579 0.051015 0.000000 -0.015133 0.999844 -0.009126 12.406000 -0.051149 0.008342 0.998656 0.000000 0.000000 0.000000 0.000000 1.000000
0.998583 0.015725 0.050848 0.000000 -0.015329 0.999849 -0.008171 12.406000 -0.050969 0.007380 0.998673 0.000000 0.000000 0.000000 0.000000 1.000000
0.998588 0.015866 0.050696 0.000000 -0.015521 0.999854 -0.007185 12.406000 -0.050803 0.006388 0.998688 0.000000 0.000000 0.000000 0.000000 1.000000
0.998591 0.016037 0.050593 0.000000 -0.015745 0.999857 -0.006170 12.406000 -0.050685 0.005365 0.998700 0.000000 0.000000 0.000000 0.000000 1.000000
0.998589 0.016276 0.050545 0.000000 -0.016037 0.999858 -0.005128 12.406000 -0.050621 0.004310 0.998709 0.000000 0.000000 0.000000 0.000000 1.000000
0.998585 0.016616 0.050511 0.000000 -0.016432 0.999857 -0.004057 12.406000 -0.050571 0.003222 0.998715 0.000000 0.000000 0.000000 0.000000 1.000000
0.998578 0.017093 0.050499 0.000000 -0.016969 0.999852 -0.002895 12.406000 -0.050541 0.002034 0.998720 0.000000 0.000000 0.000000 0.000000 1.000000
0.998567 0.017629 0.050520 0.000000 -0.017570 0.999844 -0.001609 12.406000 -0.050540 0.000719 0.998722 0.000000 0.000000 0.000000 0.000000 1.000000
0.998555 0.018172 0.050580 -0.000000 -0.018177 0.999835 -0.000354 12.406000 -0.050579 -0.000566 0.998720 0.000000 0.000000 0.000000 0.000000 1.000000
0.998536 0.018736 0.050743 -0.000000 -0.018803 0.999823 0.000849 12.406000 -0.050718 -0.001802 0.998711 -0.000000 0.000000 0.000000 0.000000 1.000000
0.998515 0.019336 0.050925 0.000000 -0.019462 0.999809 0.001982 12.406000 -0.050877 -0.002970 0.998700 -0.000000 0.000000 0.000000 0.000000 1.000000
