<?xml version="1.0" encoding="utf-8"?>
<COLLADA xmlns="http://www.collada.org/2005/11/COLLADASchema" version="1.4.1">
  <asset>
    <contributor>
      <author>Mixamo</author>
      <authoring_tool>COLLADA Mixamo exporter</authoring_tool>
      <comments/>
    </contributor>
    <created>2024-04-21T06:59:39Z</created>
    <modified>2024-04-21T06:59:39Z</modified>
    <revision/>
    <title/>
    <unit meter="0.010000"/>
    <up_axis>Y_UP</up_axis>
  </asset>
  <library_animations>
    <animation id="mixamorig_Hips-anim" name="mixamorig_Hips">
      <source id="mixamorig_Hips-Matrix-animation-input">
        <float_array id="mixamorig_Hips-Matrix-animation-input-array" count="26">

0.000000 0.033333 0.066667 0.100000 0.133333 0.166667 0.200000 0.233333 0.266667 0.300000 0.333333 0.366667 0.400000 0.433333 0.466667 0.500000
0.533333 0.566667 0.600000 0.633333 0.666667 0.700000 0.733333 0.766667 0.800000 0.833333</float_array>
        <technique_common>
          <accessor source="#mixamorig_Hips-Matrix-animation-input-array" count="26">
            <param name="TIME" type="float"/>
          </accessor>
        </technique_common>
      </source>
      <source id="mixamorig_Hips-Matrix-animation-output-transform">
        <float_array id="mixamorig_Hips-Matrix-animation-output-transform-array" count="416">

0.978000 -0.112680 -0.175554 0.000590 0.047330 0.939474 -0.339334 85.598228 0.203165 0.323560 0.924139 0.037722 0.000000 0.000000 0.000000 1.000000
0.976291 -0.157128 -0.148885 -0.141113 0.125745 0.971535 -0.200768 90.922623 0.176193 0.177286 0.968259 2.015406 0.000000 0.000000 0.000000 1.000000
0.974515 -0.201175 -0.099243 -0.111847 0.186354 0.972305 -0.141054 99.003723 0.124871 0.118965 0.985015 3.838020 0.000000 0.000000 0.000000 1.000000
0.975106 -0.210632 -0.069293 -0.866842 0.201886 0.972586 -0.115408 106.581268 0.091702 0.098546 0.990898 4.429490 0.000000 0.000000 0.000000 1.000000
0.977240 -0.199714 -0.071524 -1.303080 0.192467 0.976502 -0.096953 114.250687 0.089206 0.080980 0.992716 3.763663 0.000000 0.000000 0.000000 1.000000
0.979387 -0.184578 -0.082053 -1.483978 0.178312 0.980868 -0.078122 121.774841 0.094902 0.061880 0.993561 2.518183 0.000000 0.000000 0.000000 1.000000
0.980458 -0.177317 -0.085215 -1.289798 0.173359 0.983493 -0.051851 128.846558 0.093002 0.036065 0.995013 0.927866 0.000000 0.000000 0.000000 1.000000
0.981400 -0.177591 -0.072901 -0.211709 0.177411 0.984096 -0.008998 134.588379 0.073340 -0.004102 0.997299 -1.166611 0.000000 0.000000 0.000000 1.000000
0.985828 -0.156656 -0.060020 0.864981 0.159028 0.986581 0.036992 139.939911 0.053419 -0.046013 0.997512 -2.856987 0.000000 0.000000 0.000000 1.000000
0.990607 -0.128233 -0.047485 1.794876 0.131726 0.988076 0.079716 144.904800 0.036696 -0.085222 0.995686 -4.295787 0.000000 0.000000 0.000000 1.000000
0.994345 -0.098908 -0.038663 2.633646 0.102624 0.988587 0.110289 149.193497 0.027313 -0.113633 0.993147 -5.417974 0.000000 0.000000 0.000000 1.000000
0.996367 -0.073622 -0.042802 3.211606 0.077959 0.990813 0.110511 151.956512 0.034273 -0.113446 0.992953 -5.899069 0.000000 0.000000 0.000000 1.000000
0.996023 -0.064853 -0.061098 3.274719 0.070165 0.993536 0.089236 153.127213 0.054916 -0.093168 0.994135 -6.055152 0.000000 0.000000 0.000000 1.000000
0.994550 -0.058948 -0.085998 2.927491 0.065141 0.995342 0.071069 153.089462 0.081408 -0.076283 0.993757 -6.351829 0.000000 0.000000 0.000000 1.000000
0.991954 -0.054450 -0.114293 2.305672 0.057355 0.998105 0.022284 152.140396 0.112863 -0.028660 0.993197 -6.462687 0.000000 0.000000 0.000000 1.000000
0.987574 -0.049996 -0.148989 1.580235 0.049975 0.998743 -0.003890 149.910126 0.148997 -0.003604 0.988831 -6.501792 0.000000 0.000000 0.000000 1.000000
0.982813 -0.055503 -0.176064 0.878866 0.048574 0.997875 -0.043431 146.303986 0.178100 0.034132 0.983420 -6.158724 0.000000 0.000000 0.000000 1.000000
0.979462 -0.065281 -0.190769 0.206910 0.053647 0.996407 -0.065532 140.921692 0.194361 0.053952 0.979445 -6.306105 0.000000 0.000000 0.000000 1.000000
0.976285 -0.078507 -0.201752 -0.447264 0.062885 0.994587 -0.082718 134.682495 0.207154 0.068069 0.975937 -6.685350 0.000000 0.000000 0.000000 1.000000
0.972333 -0.095265 -0.213291 -1.096937 0.076280 0.992497 -0.095552 127.697601 0.220793 0.076638 0.972305 -7.016821 0.000000 0.000000 0.000000 1.000000
0.964736 -0.118074 -0.235252 -1.386861 0.098341 0.990707 -0.093957 119.606049 0.244160 0.067509 0.967382 -6.520448 0.000000 0.000000 0.000000 1.000000
0.958015 -0.112818 -0.263589 -1.753750 0.090860 0.991408 -0.094098 110.782013 0.271940 0.066197 0.960035 -5.581205 0.000000 0.000000 0.000000 1.000000
0.960783 -0.116880 -0.251466 -1.513654 0.082352 0.986185 -0.143729 99.021942 0.264791 0.117384 0.957135 -3.074854 0.000000 0.000000 0.000000 1.000000
0.970305 -0.124577 -0.207336 -0.682777 0.079207 0.973555 -0.214280 88.634209 0.228547 0.191495 0.954513 0.945911 0.000000 0.000000 0.000000 1.000000
0.975378 -0.125149 -0.181589 -0.314905 0.064498 0.949268 -0.307782 85.871368 0.210896 0.288492 0.933967 2.887429 0.000000 0.000000 0.000000 1.000000
0.978000 -0.112680 -0.175554 -0.002631 0.047330 0.939474 -0.339334 85.598221 0.203165 0.323560 0.924139 0.037721 0.000000 0.000000 0.000000 1.000000</float_array>
        <technique_common>
          <accessor source="#mixamorig_Hips-Matrix-animation-output-transform-array" count="26" stride="16">
            <param type="float4x4"/>
          </accessor>
        </technique_common>
      </source>
      <source id="mixamorig_Hips-Interpolations">
        <Name_array id="mixamorig_Hips-Interpolations-array" count="26">
 LINEAR LINEAR LINEAR LINEAR LINEAR LINEAR LINEAR LINEAR LINEAR LINEAR LINEAR
LINEAR LINEAR LINEAR LINEAR LINEAR LINEAR LINEAR LINEAR LINEAR LINEAR LINEAR LINEAR
LINEAR LINEAR LINEAR</Name_array>
        <technique_common>
          <accessor source="#mixamorig_Hips-Interpolations-array" count="26">
            <param type="name"/>
          </accessor>
        </technique_common>
      </source>
      <sampler id="mixamorig_Hips-Matrix-animation-transform">
        <input semantic="INPUT" source="#mixamorig_Hips-Matrix-animation-input"/>
        <input semantic="OUTPUT" source="#mixamorig_Hips-Matrix-animation-output-transform"/>
        <input semantic="INTERPOLATION" source="#mixamorig_Hips-Interpolations"/>
      </sampler>
      <channel source="#mixamorig_Hips-Matrix-animation-transform" target="mixamorig_Hips/matrix"/>
    </animation>
    <animation id="mixamorig_Spine-anim" name="mixamorig_Spine">
      <source id="mixamorig_Spine-Matrix-animation-input">
        <float_array id="mixamorig_Spine-Matrix-animation-input-array" count="26">

0.000000 0.033333 0.066667 0.100000 0.133333 0.166667 0.200000 0.233333 0.266667 0.300000 0.333333 0.366667 0.400000 0.433333 0.466667 0.500000
0.533333 0.566667 0.600000 0.633333 0.666667 0.700000 0.733333 0.766667 0.800000 0.833333</float_array>
        <technique_common>
          <accessor source="#mixamorig_Spine-Matrix-animation-input-array" count="26">
            <param name="TIME" type="float"/>
          </accessor>
        </technique_common>
      </source>
      <source id="mixamorig_Spine-Matrix-animation-output-transform">
        <float_array id="mixamorig_Spine-Matrix-animation-output-transform-array" count="416">

0.990512 0.100660 0.093559 0.017300 -0.058007 0.923419 -0.379385 10.574800 -0.124583 0.370358 0.920497 -1.117200 0.000000 0.000000 0.000000 1.000000
0.976912 0.142347 0.159311 0.017300 -0.077292 0.930670 -0.357603 10.574800 -0.199169 0.337034 0.920185 -1.117200 0.000000 0.000000 0.000000 1.000000
0.968338 0.178006 0.175032 0.017300 -0.111406 0.935564 -0.335124 10.574800 -0.223408 0.305014 0.925773 -1.117200 0.000000 0.000000 0.000000 1.000000
0.968442 0.191361 0.159688 0.017300 -0.129955 0.934417 -0.331626 10.574800 -0.212675 0.300409 0.929798 -1.117200 0.000000 0.000000 0.000000 1.000000
0.972332 0.193832 0.130386 0.017300 -0.140406 0.930993 -0.336955 10.574800 -0.186701 0.309325 0.932449 -1.117200 0.000000 0.000000 0.000000 1.000000
0.978353 0.186590 0.089494 0.017300 -0.144228 0.924927 -0.351721 10.574800 -0.148403 0.331200 0.931817 -1.117200 0.000000 0.000000 0.000000 1.000000
0.984620 0.170149 0.039661 0.017300 -0.142977 0.915206 -0.376771 10.574800 -0.100405 0.365305 0.925457 -1.117200 0.000000 0.000000 0.000000 1.000000
0.992672 0.118309 -0.024603 0.017300 -0.117133 0.892026 -0.436543 10.574800 -0.029700 0.436226 0.899347 -1.117200 0.000000 0.000000 0.000000 1.000000
0.996702 0.044470 -0.067879 0.017300 -0.073027 0.856294 -0.511300 10.574800 0.035387 0.514571 0.856717 -1.117200 0.000000 0.000000 0.000000 1.000000
0.994382 -0.033109 -0.100544 0.017300 -0.032298 0.809637 -0.586041 10.574800 0.100807 0.585996 0.804019 -1.117200 0.000000 0.000000 0.000000 1.000000
0.987290 -0.098810 -0.124481 0.017300 -0.005217 0.762671 -0.646766 10.574800 0.158845 0.639195 0.752462 -1.117200 0.000000 0.000000 0.000000 1.000000
0.982620 -0.127512 -0.134901 0.017300 0.003670 0.739934 -0.672670 10.574800 0.185591 0.660484 0.727542 -1.117200 0.000000 0.000000 0.000000 1.000000
0.985195 -0.109973 -0.131520 0.017300 -0.004660 0.749688 -0.661775 10.574800 0.171377 0.652590 0.738076 -1.117200 0.000000 0.000000 0.000000 1.000000
0.988317 -0.084315 -0.126968 0.017300 -0.017258 0.765781 -0.642870 10.574800 0.151433 0.637551 0.755379 -1.117200 0.000000 0.000000 0.000000 1.000000
0.989646 -0.059146 -0.130776 0.017300 -0.032011 0.797240 -0.602813 10.574800 0.139914 0.600758 0.787092 -1.117200 0.000000 0.000000 0.000000 1.000000
0.992032 -0.023860 -0.123703 0.017300 -0.051159 0.821002 -0.568629 10.574800 0.115128 0.570427 0.813240 -1.117200 0.000000 0.000000 0.000000 1.000000
0.993804 0.005069 -0.111029 0.017300 -0.061080 0.859493 -0.507484 10.574800 0.092857 0.511122 0.854478 -1.117200 0.000000 0.000000 0.000000 1.000000
0.993939 0.023328 -0.107430 0.017300 -0.068009 0.898264 -0.434162 10.574800 0.086373 0.438837 0.894406 -1.117200 0.000000 0.000000 0.000000 1.000000
0.993898 0.044102 -0.101100 0.017300 -0.078341 0.927479 -0.365575 10.574800 0.077645 0.371264 0.925275 -1.117200 0.000000 0.000000 0.000000 1.000000
0.993460 0.074321 -0.086679 0.017300 -0.098681 0.940764 -0.324386 10.574800 0.057436 0.330818 0.941945 -1.117200 0.000000 0.000000 0.000000 1.000000
0.990240 0.120199 -0.070541 0.017300 -0.136316 0.940688 -0.310684 10.574800 0.029014 0.317268 0.947892 -1.117200 0.000000 0.000000 0.000000 1.000000
0.988430 0.144001 -0.047647 0.017300 -0.151678 0.939285 -0.307794 10.574800 0.000431 0.311460 0.950259 -1.117200 0.000000 0.000000 0.000000 1.000000
0.989151 0.146697 -0.007774 0.017300 -0.141318 0.935763 -0.323073 10.574800 -0.040119 0.320666 0.946342 -1.117200 0.000000 0.000000 0.000000 1.000000
0.990678 0.131104 0.036998 0.017300 -0.110291 0.931343 -0.347039 10.574800 -0.079956 0.339723 0.937121 -1.117200 0.000000 0.000000 0.000000 1.000000
0.990881 0.107859 0.080759 0.017300 -0.070848 0.926876 -0.368620 10.574800 -0.114613 0.359537 0.926065 -1.117200 0.000000 0.000000 0.000000 1.000000
0.990512 0.100660 0.093559 0.017300 -0.058006 0.923419 -0.379385 10.574800 -0.124583 0.370358 0.920497 -1.117200 0.000000 0.000000 0.000000 1.000000</float_array>
        <technique_common>
          <accessor source="#mixamorig_Spine-Matrix-animation-output-transform-array" count="26" stride="16">
            <param type="float4x4"/>
          </accessor>
        </technique_common>
      </source>
      <source id="mixamorig_Spine-Interpolations">
        <Name_array id="mixamorig_Spine-Interpolations-array" count="26">
 LINEAR LINEAR LINEAR LINEAR LINEAR LINEAR LINEAR LINEAR LINEAR LINEAR LINEAR
LINEAR LINEAR LINEAR LINEAR LINEAR LINEAR LINEAR LINEAR LINEAR LINEAR LINEAR LINEAR
LINEAR LINEAR LINEAR</Name_array>
        <technique_common>
          <accessor source="#mixamorig_Spine-Interpolations-array" count="26">
            <param type="name"/>
          </accessor>
        </technique_common>
      </source>
      <sampler id="mixamorig_Spine-Matrix-animation-transform">
        <input semantic="INPUT" source="#mixamorig_Spine-Matrix-animation-input"/>
        <input semantic="OUTPUT" source="#mixamorig_Spine-Matrix-animation-output-transform"/>
        <input semantic="INTERPOLATION" source="#mixamorig_Spine-Interpolations"/>
      </sampler>
      <channel source="#mixamorig_Spine-Matrix-animation-transform" target="mixamorig_Spine/matrix"/>
    </animation>
    <animation id="mixamorig_Spine1-anim" name="mixamorig_Spine1">
      <source id="mixamorig_Spine1-Matrix-animation-input">
        <float_array id="mixamorig_Spine1-Matrix-animation-input-array" count="26">

0.000000 0.033333 0.066667 0.100000 0.133333 0.166667 0.200000 0.233333 0.266667 0.300000 0.333333 0.366667 0.400000 0.433333 0.466667 0.500000
0.533333 0.566667 0.600000 0.633333 0.666667 0.700000 0.733333 0.766667 0.800000 0.833333</float_array>
        <technique_common>
          <accessor source="#mixamorig_Spine1-Matrix-animation-input-array" count="26">
            <param name="TIME" type="float"/>
          </accessor>
        </technique_common>
      </source>
      <source id="mixamorig_Spine1-Matrix-animation-output-transform">
        <float_array id="mixamorig_Spine1-Matrix-animation-output-transform-array" count="416">

0.999425 0.007967 0.032946 0.000000 -0.006765 0.999313 -0.036428 12.406000 -0.033213 0.036185 0.998793 -0.000000 0.000000 0.000000 0.000000 1.000000
0.998461 0.008715 0.054767 0.000000 -0.006857 0.999398 -0.034023 12.406000 -0.055030 0.033595 0.997919 -0.000000 0.000000 0.000000 0.000000 1.000000
0.997957 0.014690 0.062173 0.000000 -0.012718 0.999407 -0.031994 12.406000 -0.062606 0.031138 0.997552 0.000000 0.000000 0.000000 0.000000 1.000000
0.998142 0.016205 0.058740 -0.000000 -0.014399 0.999415 -0.031034 12.406000 -0.059208 0.030131 0.997791 0.000000 0.000000 0.000000 0.000000 1.000000
0.998598 0.016064 0.050433 0.000000 -0.014527 0.999423 -0.030704 12.406000 -0.050897 0.029928 0.998255 -0.000000 0.000000 0.000000 0.000000 1.000000
0.999130 0.015743 0.038631 0.000000 -0.014536 0.999404 -0.031317 12.406000 -0.039101 0.030728 0.998763 0.000000 0.000000 0.000000 0.000000 1.000000
0.999555 0.016689 0.024715 0.000000 -0.015866 0.999325 -0.033136 12.406000 -0.025252 0.032729 0.999145 0.000000 0.000000 0.000000 0.000000 1.000000
0.999791 0.019417 0.006355 0.000000 -0.019143 0.998986 -0.040744 12.406000 -0.007139 0.040613 0.999149 0.000000 0.000000 0.000000 0.000000 1.000000
0.999740 0.021306 -0.008096 0.000000 -0.021715 0.998289 -0.054298 12.406000 0.006925 0.054460 0.998492 -0.000000 0.000000 0.000000 0.000000 1.000000
0.999539 0.022629 -0.020230 -0.000000 -0.023980 0.997312 -0.069243 12.406000 0.018609 0.069697 0.997395 0.000000 0.000000 0.000000 0.000000 1.000000
0.999294 0.023154 -0.029602 0.000000 -0.025518 0.996293 -0.082151 12.406000 0.027590 0.082848 0.996180 0.000000 0.000000 0.000000 0.000000 1.000000
0.999202 0.021963 -0.033371 0.000000 -0.024828 0.995808 -0.088030 12.406000 0.031298 0.088788 0.995559 0.000000 0.000000 0.000000 0.000000 1.000000
0.999319 0.021538 -0.029944 -0.000000 -0.024012 0.996103 -0.084870 12.406000 0.027999 0.085531 0.995942 0.000000 0.000000 0.000000 0.000000 1.000000
0.999321 0.023930 -0.028031 0.000000 -0.026050 0.996623 -0.077871 12.406000 0.026073 0.078548 0.996569 0.000000 0.000000 0.000000 0.000000 1.000000
0.999243 0.026766 -0.028230 -0.000000 -0.028594 0.997379 -0.066460 12.406000 0.026377 0.067217 0.997390 0.000000 0.000000 0.000000 0.000000 1.000000
0.999336 0.026620 -0.024866 -0.000000 -0.028133 0.997639 -0.062644 12.406000 0.023140 0.063302 0.997726 0.000000 0.000000 0.000000 0.000000 1.000000
0.999450 0.025977 -0.020599 -0.000000 -0.027110 0.998017 -0.056803 12.406000 0.019083 0.057330 0.998173 -0.000000 0.000000 0.000000 0.000000 1.000000
0.999438 0.026511 -0.020500 0.000000 -0.027524 0.998328 -0.050828 12.406000 0.019118 0.051364 0.998497 0.000000 0.000000 0.000000 0.000000 1.000000
0.999378 0.029283 -0.019669 0.000000 -0.030206 0.998372 -0.048385 12.406000 0.018220 0.048949 0.998635 0.000000 0.000000 0.000000 0.000000 1.000000
0.999345 0.032544 -0.015798 0.000000 -0.033243 0.998380 -0.046185 12.406000 0.014270 0.046680 0.998808 0.000000 0.000000 0.000000 0.000000 1.000000
0.999249 0.037219 -0.010773 0.000000 -0.037612 0.998532 -0.038967 12.406000 0.009307 0.039343 0.999182 -0.000000 0.000000 0.000000 0.000000 1.000000
0.999128 0.041131 -0.007150 0.000000 -0.041372 0.998433 -0.037671 12.406000 0.005589 0.037934 0.999265 0.000000 0.000000 0.000000 0.000000 1.000000
0.999412 0.034258 -0.001324 0.000000 -0.034284 0.998539 -0.041778 12.406000 -0.000110 0.041798 0.999126 0.000000 0.000000 0.000000 0.000000 1.000000
0.999715 0.021767 0.009794 0.000000 -0.021329 0.998858 -0.042755 12.406000 -0.010713 0.042534 0.999038 0.000000 0.000000 0.000000 0.000000 1.000000
0.999568 0.010984 0.027276 0.000000 -0.009942 0.999225 -0.038076 12.406000 -0.027673 0.037789 0.998903 -0.000000 0.000000 0.000000 0.000000 1.000000
0.999425 0.007967 0.032946 -0.000000 -0.006765 0.999313 -0.036428 12.406000 -0.033213 0.036185 0.998793 0.000000 0.000000 0.000000 0.000000 1.000000</float_array>
        <technique_common>
          <accessor source="#mixamorig_Spine1-Matrix-animation-output-transform-array" count="26" stride="16">
            <param type="float4x4"/>
          </accessor>
        </technique_common>
      </source>
      <source id="mixamorig_Spine1-Interpolations">
        <Name_array id="mixamorig_Spine1-Interpolations-array" count="26">
 LINEAR LINEAR LINEAR LINEAR LINEAR LINEAR LINEAR LINEAR LINEAR LINEAR LINEAR
LINEAR LINEAR LINEAR LINEAR LINEAR LINEAR LINEAR LINEAR LINEAR LINEAR LINEAR LINEAR
LINEAR LINEAR LINEAR</Name_array>
        <technique_common>
          <accessor source="#mixamorig_Spine1-Interpolations-array" count="26">
            <param type="name"/>
          </accessor>
        </technique_common>
      </source>
      <sampler id="mixamorig_Spine1-Matrix-animation-transform">
        <input semantic="INPUT" source="#mixamorig_Spine1-Matrix-animation-input"/>
        <input semantic="OUTPUT" source="#mixamorig_Spine1-Matrix-animation-output-transform"/>
        <input semantic="INTERPOLATION" source="#mixamorig_Spine1-Interpolations"/>
      </sampler>
      <channel source="#mixamorig_Spine1-Matrix-animation-transform" target="mixamorig_Spine1/matrix"/>
    </animation>
    <animation id="mixamorig_Spine2-anim" name="mixamorig_Spine2">
      <source id="mixamorig_Spine2-Matrix-animation-input">
        <float_array id="mixamorig_Spine2-Matrix-animation-input-array" count="26">

0.000000 0.033333 0.066667 0.100000 0.133333 0.166667 0.200000 0.233333 0.266667 0.300000 0.333333 0.366667 0.400000 0.433333 0.466667 0.500000
0.533333 0.566667 0.600000 0.633333 0.666667 0.700000 0.733333 0.766667 0.800000 0.833333</float_array>
        <technique_common>
          <accessor source="#mixamorig_Spine2-Matrix-animation-input-array" count="26">
            <param name="TIME" type="float"/>
          </accessor>
        </technique_common>
      </source>
      <source id="mixamorig_Spine2-Matrix-animation-output-transform">
        <float_array id="mixamorig_Spine2-Matrix-animation-output-transform-array" count="416">

0.999398 0.011450 0.032748 0.000000 -0.006724 0.989996 -0.140939 14.178300 -0.034034 0.140633 0.989477 0.000000 0.000000 0.000000 0.000000 1.000000
0.998388 0.015591 0.054566 -0.000000 -0.007890 0.990318 -0.138594 14.178300 -0.056199 0.137940 0.988845 0.000000 0.000000 0.000000 0.000000 1.000000
0.997841 0.022876 0.061562 0.000000 -0.014287 0.990537 -0.136503 14.178300 -0.064103 0.135328 0.988725 -0.000000 0.000000 0.000000 0.000000 1.000000
0.998020 0.024199 0.058055 -0.000000 -0.016114 0.990593 -0.135886 14.178300 -0.060797 0.134682 0.989022 0.000000 0.000000 0.000000 0.000000 1.000000
0.998489 0.023191 0.049825 -0.000000 -0.016217 0.990567 -0.136069 14.178300 -0.052511 0.135056 0.989446 0.000000 0.000000 0.000000 0.000000 1.000000
0.999039 0.021496 0.038207 0.000000 -0.016060 0.990401 -0.137290 14.178300 -0.040791 0.136545 0.989794 0.000000 0.000000 0.000000 0.000000 1.000000
0.999483 0.020760 0.024537 -0.000000 -0.017133 0.990040 -0.139739 14.178300 -0.027193 0.139246 0.989884 0.000000 0.000000 0.000000 0.000000 1.000000
0.999755 0.021065 0.006753 0.000000 -0.019835 0.988788 -0.148000 14.178300 -0.009795 0.147830 0.988964 -0.000000 0.000000 0.000000 0.000000 1.000000
0.999758 0.020921 -0.006857 0.000000 -0.021756 0.986548 -0.162019 14.178300 0.003375 0.162129 0.986764 0.000000 0.000000 0.000000 0.000000 1.000000
0.999626 0.020492 -0.018084 0.000000 -0.023377 0.983872 -0.177339 14.178300 0.014159 0.177696 0.983984 0.000000 0.000000 0.000000 0.000000 1.000000
0.999451 0.019691 -0.026629 0.000000 -0.024412 0.981368 -0.190581 14.178300 0.022380 0.191127 0.981310 0.000000 0.000000 0.000000 0.000000 1.000000
0.999390 0.018109 -0.029855 0.000000 -0.023639 0.980161 -0.196787 14.178300 0.025699 0.197372 0.979992 -0.000000 0.000000 0.000000 0.000000 1.000000
0.999476 0.018640 -0.026460 -0.000000 -0.023426 0.980719 -0.194013 14.178300 0.022333 0.194531 0.980642 0.000000 0.000000 0.000000 0.000000 1.000000
0.999455 0.021783 -0.024809 -0.000000 -0.026055 0.981915 -0.187523 14.178300 0.020275 0.188067 0.981947 0.000000 0.000000 0.000000 0.000000 1.000000
0.999365 0.025000 -0.025373 -0.000000 -0.029098 0.983834 -0.176705 14.178300 0.020545 0.177331 0.983937 -0.000000 0.000000 0.000000 0.000000 1.000000
0.999422 0.025751 -0.022210 0.000000 -0.029216 0.984439 -0.173278 14.178300 0.017402 0.173827 0.984622 -0.000000 0.000000 0.000000 0.000000 1.000000
0.999493 0.026173 -0.018129 0.000000 -0.028848 0.985396 -0.167819 14.178300 0.013472 0.168257 0.985651 0.000000 0.000000 0.000000 0.000000 1.000000
0.999434 0.026648 -0.020541 -0.000000 -0.029633 0.986300 -0.162280 14.178300 0.015935 0.162796 0.986531 0.000000 0.000000 0.000000 0.000000 1.000000
0.999385 0.030242 -0.017736 0.000000 -0.032697 0.986528 -0.160294 14.178300 0.012649 0.160775 0.986910 0.000000 0.000000 0.000000 0.000000 1.000000
0.999305 0.034414 -0.014340 0.000000 -0.036254 0.986703 -0.158436 14.178300 0.008697 0.158845 0.987265 -0.000000 0.000000 0.000000 0.000000 1.000000
0.999144 0.040155 -0.009986 0.000000 -0.041205 0.987589 -0.151558 14.178300 0.003776 0.151840 0.988398 0.000000 0.000000 0.000000 0.000000 1.000000
0.998859 0.047262 -0.006908 0.000000 -0.047764 0.987465 -0.150441 14.178300 -0.000289 0.150599 0.988595 0.000000 0.000000 0.000000 0.000000 1.000000
0.998946 0.045871 -0.001885 0.000000 -0.045606 0.986784 -0.155488 14.178300 -0.005272 0.155410 0.987836 0.000000 0.000000 0.000000 0.000000 1.000000
0.999349 0.035346 0.007292 -0.000000 -0.033731 0.986606 -0.159597 14.178300 -0.012836 0.159247 0.987155 0.000000 0.000000 0.000000 0.000000 1.000000
0.999532 0.023408 0.019671 -0.000000 -0.020152 0.988181 -0.151960 14.178300 -0.022996 0.151492 0.988191 -0.000000 0.000000 0.000000 0.000000 1.000000
0.999398 0.011450 0.032748 0.000000 -0.006724 0.989996 -0.140938 14.178300 -0.034034 0.140633 0.989477 0.000000 0.000000 0.000000 0.000000 1.000000</float_array>
        <technique_common>
          <accessor source="#mixamorig_Spine2-Matrix-animation-output-transform-array" count="26" stride="16">
            <param type="float4x4"/>
          </accessor>
        </technique_common>
      </source>
      <source id="mixamorig_Spine2-Interpolations">
        <Name_array id="mixamorig_Spine2-Interpolations-array" count="26">
 LINEAR LINEAR LINEAR LINEAR LINEAR LINEAR LINEAR LINEAR LINEAR LINEAR LINEAR
LINEAR LINEAR LINEAR LINEAR LINEAR LINEAR LINEAR LINEAR LINEAR LINEAR LINEAR LINEAR
LINEAR LINEAR LINEAR</Name_array>
        <technique_common>
          <accessor source="#mixamorig_Spine2-Interpolations-array" count="26">
            <param type="name"/>
          </accessor>
        </technique_common>
      </source>
      <sampler id="mixamorig_Spine2-Matrix-animation-transform">
        <input semantic="INPUT" source="#mixamorig_Spine2-Matrix-animation-input"/>
        <input semantic="OUTPUT" source="#mixamorig_Spine2-Matrix-animation-output-transform"/>
        <input semantic="INTERPOLATION" source="#mixamorig_Spine2-Interpolations"/>
      </sampler>
      <channel source="#mixamorig_Spine2-Matrix-animation-transform" target="mixamorig_Spine2/matrix"/>
    </animation>
    <animation id="mixamorig_Neck-anim" name="mixamorig_Neck">
      <source id="mixamorig_Neck-Matrix-animation-input">
        <float_array id="mixamorig_Neck-Matrix-animation-input-array" count="26">

0.000000 0.033333 0.066667 0.100000 0.133333 0.166667 0.200000 0.233333 0.266667 0.300000 0.333333 0.366667 0.400000 0.433333 0.466667 0.500000
0.533333 0.566667 0.600000 0.633333 0.666667 0.700000 0.733333 0.766667 0.800000 0.833333</float_array>
        <technique_common>
          <accessor source="#mixamorig_Neck-Matrix-animation-input-array" count="26">
            <param name="TIME" type="float"/>
          </accessor>
        </technique_common>
      </source>
      <source id="mixamorig_Neck-Matrix-animation-output-transform">
        <float_array id="mixamorig_Neck-Matrix-animation-output-transform-array" count="416">

0.999574 0.013516 0.025873 0.024400 -0.018030 0.982935 0.183069 15.862300 -0.022957 -0.183457 0.982760 -1.675800 0.000000 0.000000 0.000000 1.000000
0.999533 0.028444 -0.011157 0.024400 -0.027243 0.995006 0.096029 15.862300 0.013833 -0.095680 0.995316 -1.675800 0.000000 0.000000 0.000000 1.000000
0.998515 0.033442 -0.043014 0.024400 -0.032767 0.999330 0.016313 15.862300 0.043531 -0.014880 0.998941 -1.675800 0.000000 0.000000 0.000000 1.000000
0.997506 0.041526 -0.057082 0.024400 -0.044883 0.997258 -0.058835 15.862300 0.054482 0.061250 0.996634 -1.675800 0.000000 0.000000 0.000000 1.000000
0.996918 0.051726 -0.058978 0.024400 -0.059250 0.989217 -0.133936 15.862300 0.051414 0.137018 0.989233 -1.675800 0.000000 0.000000 0.000000 1.000000
0.996793 0.059751 -0.053238 0.024400 -0.069114 0.978111 -0.196272 15.862300 0.040345 0.199322 0.979103 -1.675800 0.000000 0.000000 0.000000 1.000000
0.997106 0.065363 -0.038831 0.024400 -0.072631 0.969893 -0.232448 15.862300 0.022469 0.234596 0.971833 -1.675800 0.000000 0.000000 0.000000 1.000000
0.996488 0.080073 -0.024489 0.024400 -0.083512 0.971706 -0.220937 15.862300 0.006105 0.222206 0.974981 -1.675800 0.000000 0.000000 0.000000 1.000000
0.995217 0.096737 -0.013601 0.024400 -0.097687 0.984595 -0.145016 15.862300 -0.000637 0.145651 0.989336 -1.675800 0.000000 0.000000 0.000000 1.000000
0.994582 0.103833 0.005028 0.024400 -0.103471 0.993459 -0.048305 15.862300 -0.010011 0.047523 0.998820 -1.675800 0.000000 0.000000 0.000000 1.000000
0.994081 0.104310 0.030382 0.024400 -0.104903 0.994308 0.018642 15.862300 -0.028264 -0.021719 0.999365 -1.675800 0.000000 0.000000 0.000000 1.000000
0.993857 0.100836 0.045620 0.024400 -0.103005 0.993522 0.047998 15.862300 -0.040485 -0.052402 0.997805 -1.675800 0.000000 0.000000 0.000000 1.000000
0.994096 0.094193 0.053852 0.024400 -0.097487 0.993290 0.062219 15.862300 -0.047630 -0.067102 0.996609 -1.675800 0.000000 0.000000 0.000000 1.000000
0.994476 0.086353 0.059667 0.024400 -0.090412 0.993507 0.069068 15.862300 -0.053315 -0.074081 0.995826 -1.675800 0.000000 0.000000 0.000000 1.000000
0.994893 0.077869 0.064219 0.024400 -0.082201 0.994305 0.067820 15.862300 -0.058572 -0.072753 0.995629 -1.675800 0.000000 0.000000 0.000000 1.000000
0.995195 0.069410 0.069064 0.024400 -0.073744 0.995329 0.062303 15.862300 -0.064417 -0.067097 0.995665 -1.675800 0.000000 0.000000 0.000000 1.000000
0.995163 0.062033 0.076173 0.024400 -0.065710 0.996743 0.046753 15.862300 -0.073025 -0.051532 0.995998 -1.675800 0.000000 0.000000 0.000000 1.000000
0.994433 0.059723 0.086816 0.024400 -0.062306 0.997682 0.027357 15.862300 -0.084981 -0.032614 0.995849 -1.675800 0.000000 0.000000 0.000000 1.000000
0.993609 0.060972 0.094988 0.024400 -0.063300 0.997759 0.021692 15.862300 -0.093453 -0.027566 0.995242 -1.675800 0.000000 0.000000 0.000000 1.000000
0.993348 0.065165 0.094942 0.024400 -0.067895 0.997359 0.025811 15.862300 -0.093010 -0.032085 0.995148 -1.675800 0.000000 0.000000 0.000000 1.000000
0.993496 0.074403 0.086192 0.024400 -0.078847 0.995665 0.049344 15.862300 -0.082147 -0.055819 0.995056 -1.675800 0.000000 0.000000 0.000000 1.000000
0.993831 0.084545 0.071780 0.024400 -0.090389 0.992483 0.082506 15.862300 -0.064265 -0.088485 0.994002 -1.675800 0.000000 0.000000 0.000000 1.000000
0.994416 0.091871 0.051928 0.024400 -0.096135 0.991589 0.086654 15.862300 -0.043530 -0.091162 0.994884 -1.675800 0.000000 0.000000 0.000000 1.000000
0.996137 0.083713 0.026501 0.024400 -0.085794 0.992173 0.090728 15.862300 -0.018699 -0.092651 0.995523 -1.675800 0.000000 0.000000 0.000000 1.000000
0.998600 0.050546 0.015624 0.024400 -0.052216 0.989156 0.137276 15.862300 -0.008516 -0.137899 0.990410 -1.675800 0.000000 0.000000 0.000000 1.000000
0.999574 0.013516 0.025873 0.024400 -0.018030 0.982935 0.183068 15.862300 -0.022957 -0.183457 0.982760 -1.675800 0.000000 0.000000 0.000000 1.000000</float_array>
        <technique_common>
          <accessor source="#mixamorig_Neck-Matrix-animation-output-transform-array" count="26" stride="16">
            <param type="float4x4"/>
          </accessor>
        </technique_common>
      </source>
      <source id="mixamorig_Neck-Interpolations">
        <Name_array id="mixamorig_Neck-Interpolations-array" count="26">
 LINEAR LINEAR LINEAR LINEAR LINEAR LINEAR LINEAR LINEAR LINEAR LINEAR LINEAR
LINEAR LINEAR LINEAR LINEAR LINEAR LINEAR LINEAR LINEAR LINEAR LINEAR LINEAR LINEAR
LINEAR LINEAR LINEAR</Name_array>
        <technique_common>
          <accessor source="#mixamorig_Neck-Interpolations-array" count="26">
            <param type="name"/>
          </accessor>
        </technique_common>
      </source>
      <sampler id="mixamorig_Neck-Matrix-animation-transform">
        <input semantic="INPUT" source="#mixamorig_Neck-Matrix-animation-input"/>
        <input semantic="OUTPUT" source="#mixamorig_Neck-Matrix-animation-output-transform"/>
        <input semantic="INTERPOLATION" source="#mixamorig_Neck-Interpolations"/>
      </sampler>
      <channel source="#mixamorig_Neck-Matrix-animation-transform" target="mixamorig_Neck/matrix"/>
    </animation>
    <animation id="mixamorig_Head-anim" name="mixamorig_Head">
      <source id="mixamorig_Head-Matrix-animation-input">
        <float_array id="mixamorig_Head-Matrix-animation-input-array" count="26">

0.000000 0.033333 0.066667 0.100000 0.133333 0.166667 0.200000 0.233333 0.266667 0.300000 0.333333 0.366667 0.400000 0.433333 0.466667 0.500000
0.533333 0.566667 0.600000 0.633333 0.666667 0.700000 0.733333 0.766667 0.800000 0.833333</float_array>
        <technique_common>
          <accessor source="#mixamorig_Head-Matrix-animation-input-array" count="26">
            <param name="TIME" type="float"/>
          </accessor>
        </technique_common>
      </source>
      <source id="mixamorig_Head-Matrix-animation-output-transform">
        <float_array id="mixamorig_Head-Matrix-animation-output-transform-array" count="416">

0.993772 0.096052 -0.056498 -0.000000 -0.061390 0.895015 0.441792 5.564000 0.093001 -0.435572 0.895337 0.988100 0.000000 0.000000 0.000000 1.000000
0.982219 0.173242 -0.072341 -0.000000 -0.135640 0.921253 0.364548 5.564000 0.129799 -0.348254 0.928370 0.988100 0.000000 0.000000 0.000000 1.000000
0.976190 0.188438 -0.107445 0.000000 -0.149432 0.943239 0.296599 5.564000 0.157236 -0.273481 0.948939 0.988100 0.000000 0.000000 0.000000 1.000000
0.977932 0.152789 -0.142491 -0.000000 -0.110449 0.957020 0.268166 5.564000 0.177340 -0.246510 0.952777 0.988100 0.000000 0.000000 0.000000 1.000000
0.981518 0.103564 -0.160928 0.000000 -0.056817 0.960699 0.271716 5.564000 0.182743 -0.257551 0.948827 0.988100 0.000000 0.000000 0.000000 1.000000
0.985791 0.070076 -0.152659 0.000000 -0.023648 0.957668 0.286902 5.564000 0.166302 -0.279215 0.945718 0.988100 0.000000 0.000000 0.000000 1.000000
0.991866 0.080758 -0.098383 0.000000 -0.046701 0.949934 0.308940 5.564000 0.118407 -0.301833 0.945979 0.988100 0.000000 0.000000 0.000000 1.000000
0.992417 0.115474 -0.042130 0.000000 -0.095157 0.938696 0.331354 5.564000 0.077810 -0.324832 0.942566 0.988100 0.000000 0.000000 0.000000 1.000000
0.986218 0.165450 0.000245 0.000000 -0.154253 0.918935 0.362994 5.564000 0.059833 -0.358029 0.931791 0.988100 0.000000 0.000000 0.000000 1.000000
0.973478 0.218818 0.066780 0.000000 -0.226984 0.887239 0.401602 5.564000 0.028628 -0.406109 0.913376 0.988100 0.000000 0.000000 0.000000 1.000000
0.958519 0.245437 0.144918 0.000000 -0.284403 0.857217 0.429294 5.564000 -0.018861 -0.452702 0.891462 0.988100 0.000000 0.000000 0.000000 1.000000
0.951823 0.243580 0.186283 0.000000 -0.302124 0.848860 0.433772 5.564000 -0.052470 -0.469155 0.881556 0.988100 0.000000 0.000000 0.000000 1.000000
0.951197 0.230315 0.205378 0.000000 -0.298792 0.853739 0.426442 5.564000 -0.077123 -0.466996 0.880890 0.988100 0.000000 0.000000 0.000000 1.000000
0.952399 0.213537 0.217572 0.000000 -0.288342 0.862676 0.415511 5.564000 -0.098967 -0.458467 0.883184 0.988100 0.000000 0.000000 0.000000 1.000000
0.953573 0.199552 0.225559 -0.000000 -0.277719 0.872369 0.402299 5.564000 -0.116492 -0.446264 0.887287 0.988100 0.000000 0.000000 0.000000 1.000000
0.953851 0.188902 0.233419 0.000000 -0.269393 0.881719 0.387297 5.564000 -0.132649 -0.432305 0.891917 0.988100 0.000000 0.000000 0.000000 1.000000
0.951112 0.188513 0.244642 -0.000000 -0.270604 0.890444 0.365900 5.564000 -0.148863 -0.414213 0.897924 0.988100 0.000000 0.000000 0.000000 1.000000
0.950094 0.180809 0.254224 0.000000 -0.262369 0.903984 0.337603 5.564000 -0.168773 -0.387455 0.906308 0.988100 0.000000 0.000000 0.000000 1.000000
0.958406 0.139637 0.248917 0.000000 -0.221250 0.914438 0.338898 5.564000 -0.180297 -0.379874 0.907297 0.988100 0.000000 0.000000 0.000000 1.000000
0.970513 0.079330 0.227621 -0.000000 -0.161876 0.914175 0.371590 5.564000 -0.178608 -0.397480 0.900061 0.988100 0.000000 0.000000 0.000000 1.000000
0.981734 0.020608 0.189142 0.000000 -0.100344 0.900698 0.422699 5.564000 -0.161649 -0.433957 0.886313 0.988100 0.000000 0.000000 0.000000 1.000000
0.990108 -0.026513 0.137780 0.000000 -0.042138 0.880464 0.472237 5.564000 -0.133831 -0.473372 0.870637 0.988100 0.000000 0.000000 0.000000 1.000000
0.995157 -0.049746 0.084786 0.000000 0.003152 0.878207 0.478270 5.564000 -0.098252 -0.475686 0.874111 0.988100 0.000000 0.000000 0.000000 1.000000
0.999876 -0.003804 0.015306 0.000000 -0.003323 0.897873 0.440243 5.564000 -0.015417 -0.440239 0.897748 0.988100 0.000000 0.000000 0.000000 1.000000
0.996258 0.072802 -0.046586 0.000000 -0.046148 0.903787 0.425488 5.564000 0.073080 -0.421745 0.903764 0.988100 0.000000 0.000000 0.000000 1.000000
0.993772 0.096052 -0.056498 0.000000 -0.061390 0.895015 0.441792 5.564000 0.093001 -0.435572 0.895337 0.988100 0.000000 0.000000 0.000000 1.000000</float_array>
        <technique_common>
          <accessor source="#mixamorig_Head-Matrix-animation-output-transform-array" count="26" stride="16">
            <param type="float4x4"/>
          </accessor>
        </technique_common>
      </source>
      <source id="mixamorig_Head-Interpolations">
        <Name_array id="mixamorig_Head-Interpolations-array" count="26">
 LINEAR LINEAR LINEAR LINEAR LINEAR LINEAR LINEAR LINEAR LINEAR LINEAR LINEAR
LINEAR LINEAR LINEAR LINEAR LINEAR LINEAR LINEAR LINEAR LINEAR LINEAR LINEAR LINEAR
LINEAR LINEAR LINEAR</Name_array>
        <technique_common>
          <accessor source="#mixamorig_Head-Interpolations-array" count="26">
            <param type="name"/>
          </accessor>
        </technique_common>
      </source>
      <sampler id="mixamorig_Head-Matrix-animation-transform">
        <input semantic="INPUT" source="#mixamorig_Head-Matrix-animation-input"/>
        <input semantic="OUTPUT" source="#mixamorig_Head-Matrix-animation-output-transform"/>
        <input semantic="INTERPOLATION" source="#mixamorig_Head-Interpolations"/>
      </sampler>
      <channel source="#mixamorig_Head-Matrix-animation-transform" target="mixamorig_Head/matrix"/>
    </animation>
    <animation id="mixamorig_LeftShoulder-anim" name="mixamorig_LeftShoulder">
      <source id="mixamorig_LeftShoulder-Matrix-animation-input">
        <float_array id="mixamorig_LeftShoulder-Matrix-animation-input-array" count="26">

0.000000 0.033333 0.066667 0.100000 0.133333 0.166667 0.200000 0.233333 0.266667 0.300000 0.333333 0.366667 0.400000 0.433333 0.466667 0.500000
0.533333 0.566667 0.600000 0.633333 0.666667 0.700000 0.733333 0.766667 0.800000 0.833333</float_array>
        <technique_common>
          <accessor source="#mixamorig_LeftShoulder-Matrix-animation-input-array" count="26">
            <param name="TIME" type="float"/>
          </accessor>
        </technique_common>
      </source>
      <source id="mixamorig_LeftShoulder-Matrix-animation-output-transform">
        <float_array id="mixamorig_LeftShoulder-Matrix-animation-output-transform-array" count="416">

-0.158406 0.904025 -0.397046 5.935000 0.080294 -0.388997 -0.917733 13.670200 -0.984104 -0.177255 -0.010969 -1.662600 0.000000 0.000000 0.000000 1.000000
-0.053295 0.942322 -0.330437 5.935000 0.029993 -0.329247 -0.943767 13.670200 -0.998128 -0.060209 -0.010716 -1.662600 0.000000 0.000000 0.000000 1.000000
0.049644 0.963874 -0.261690 5.935000 0.003794 -0.262193 -0.965008 13.670200 -0.998760 0.046914 -0.016674 -1.662600 0.000000 0.000000 0.000000 1.000000
0.109468 0.983567 -0.143571 5.935000 0.007027 -0.145202 -0.989377 13.670200 -0.993965 0.107296 -0.022806 -1.662600 0.000000 0.000000 0.000000 1.000000
0.164596 0.986269 0.013516 5.935000 0.024344 0.009637 -0.999657 13.670200 -0.986061 0.164868 -0.022423 -1.662600 0.000000 0.000000 0.000000 1.000000
0.234157 0.953818 0.188152 5.935000 0.054237 0.180414 -0.982094 13.670200 -0.970685 0.240168 -0.009487 -1.662600 0.000000 0.000000 0.000000 1.000000
0.247963 0.959827 0.131323 5.935000 0.051276 0.122363 -0.991160 13.670200 -0.967412 0.252504 -0.018874 -1.662600 0.000000 0.000000 0.000000 1.000000
0.304090 0.949310 0.079624 5.935000 0.070053 0.061073 -0.995672 13.670200 -0.950064 0.308352 -0.047931 -1.662600 0.000000 0.000000 0.000000 1.000000
0.399717 0.912323 0.088847 5.935000 0.100315 0.052807 -0.993553 13.670200 -0.911133 0.406053 -0.070412 -1.662600 0.000000 0.000000 0.000000 1.000000
0.427829 0.899915 0.084348 5.935000 0.096915 0.047109 -0.994177 13.670200 -0.898649 0.433512 -0.067061 -1.662600 0.000000 0.000000 0.000000 1.000000
0.439134 0.897736 0.035094 5.935000 0.081721 -0.001014 -0.996655 13.670200 -0.894697 0.440533 -0.073809 -1.662600 0.000000 0.000000 0.000000 1.000000
0.442469 0.896417 -0.025646 5.935000 0.063519 -0.059853 -0.996184 13.670200 -0.894531 0.439152 -0.083423 -1.662600 0.000000 0.000000 0.000000 1.000000
0.441210 0.894259 -0.075062 5.935000 0.048985 -0.107518 -0.992996 13.670200 -0.896066 0.434443 -0.091243 -1.662600 0.000000 0.000000 0.000000 1.000000
0.422223 0.901453 -0.095450 5.935000 0.043396 -0.125275 -0.991172 13.670200 -0.905453 0.414354 -0.092013 -1.662600 0.000000 0.000000 0.000000 1.000000
0.389040 0.914974 -0.107100 5.935000 0.038896 -0.132470 -0.990424 13.670200 -0.920399 0.381148 -0.087125 -1.662600 0.000000 0.000000 0.000000 1.000000
0.366062 0.924179 -0.109048 5.935000 0.036938 -0.131519 -0.990625 13.670200 -0.929857 0.358602 -0.082282 -1.662600 0.000000 0.000000 0.000000 1.000000
0.357848 0.927034 -0.112040 5.935000 0.035754 -0.133500 -0.990404 13.670200 -0.933095 0.350408 -0.080918 -1.662600 0.000000 0.000000 0.000000 1.000000
0.352187 0.926779 -0.130555 5.935000 0.032366 -0.151469 -0.987932 13.670200 -0.935370 0.343711 -0.083342 -1.662600 0.000000 0.000000 0.000000 1.000000
0.321629 0.933307 -0.159667 5.935000 0.016903 -0.174259 -0.984555 13.670200 -0.946715 0.313962 -0.071822 -1.662600 0.000000 0.000000 0.000000 1.000000
