<?xml version="1.0" encoding="utf-8"?>
<COLLADA xmlns="http://www.collada.org/2005/11/COLLADASchema" version="1.4.1">
  <asset>
    <contributor>
      <author>Mixamo</author>
      <authoring_tool>COLLADA Mixamo exporter</authoring_tool>
      <comments/>
    </contributor>
    <created>2024-03-07T08:03:18Z</created>
    <modified>2024-03-07T08:03:18Z</modified>
    <revision/>
    <title/>
    <unit meter="0.010000"/>
    <up_axis>Y_UP</up_axis>
  </asset>
  <library_animations>
    <animation id="mixamorig_Hips-anim" name="mixamorig_Hips">
      <source id="mixamorig_Hips-Matrix-animation-input">
        <float_array id="mixamorig_Hips-Matrix-animation-input-array" count="261">

0.000000 0.033333 0.066667 0.100000 0.133333 0.166667 0.200000 0.233333 0.266667 0.300000 0.333333 0.366667 0.400000 0.433333 0.466667 0.500000
0.533333 0.566667 0.600000 0.633333 0.666667 0.700000 0.733333 0.766667 0.800000 0.833333 0.866667 0.900000 0.933333 0.966667 1.000000 1.033333
1.066667 1.100000 1.133333 1.166667 1.200000 1.233333 1.266667 1.300000 1.333333 1.366667 1.400000 1.433333 1.466667 1.500000 1.533333 1.566667
1.600000 1.633333 1.666667 1.700000 1.733333 1.766667 1.800000 1.833333 1.866667 1.900000 1.933333 1.966667 2.000000 2.033333 2.066667 2.100000
2.133333 2.166667 2.200000 2.233333 2.266667 2.300000 2.333333 2.366667 2.400000 2.433333 2.466667 2.500000 2.533333 2.566667 2.600000 2.633333
2.666667 2.700000 2.733333 2.766667 2.800000 2.833333 2.866667 2.900000 2.933333 2.966667 3.000000 3.033333 3.066667 3.100000 3.133333 3.166667
3.200000 3.233333 3.266667 3.300000 3.333333 3.366667 3.400000 3.433333 3.466667 3.500000 3.533333 3.566667 3.600000 3.633333 3.666667 3.700000
3.733333 3.766667 3.800000 3.833333 3.866667 3.900000 3.933333 3.966667 4.000000 4.033333 4.066667 4.100000 4.133333 4.166667 4.200000 4.233333
4.266667 4.300000 4.333333 4.366667 4.400000 4.433333 4.466667 4.500000 4.533333 4.566667 4.600000 4.633333 4.666667 4.700000 4.733333 4.766667
4.800000 4.833333 4.866667 4.900000 4.933333 4.966667 5.000000 5.033333 5.066667 5.100000 5.133333 5.166667 5.200000 5.233333 5.266667 5.300000
5.333333 5.366667 5.400000 5.433333 5.466667 5.500000 5.533333 5.566667 5.600000 5.633333 5.666667 5.700000 5.733333 5.766667 5.800000 5.833333
5.866667 5.900000 5.933333 5.966667 6.000000 6.033333 6.066667 6.100000 6.133333 6.166667 6.200000 6.233333 6.266667 6.300000 6.333333 6.366667
6.400000 6.433333 6.466667 6.500000 6.533333 6.566667 6.600000 6.633333 6.666667 6.700000 6.733333 6.766667 6.800000 6.833333 6.866667 6.900000
6.933333 6.966667 7.000000 7.033333 7.066667 7.100000 7.133333 7.166667 7.200000 7.233333 7.266667 7.300000 7.333333 7.366667 7.400000 7.433333
7.466667 7.500000 7.533333 7.566667 7.600000 7.633333 7.666667 7.700000 7.733333 7.766667 7.800000 7.833333 7.866667 7.900000 7.933333 7.966667
8.000000 8.033333 8.066667 8.100000 8.133333 8.166667 8.200000 8.233333 8.266667 8.300000 8.333333 8.366667 8.400000 8.433333 8.466667 8.500000
8.533333 8.566667 8.600000 8.633333 8.666667</float_array>
        <technique_common>
          <accessor source="#mixamorig_Hips-Matrix-animation-input-array" count="261">
            <param name="TIME" type="float"/>
          </accessor>
        </technique_common>
      </source>
      <source id="mixamorig_Hips-Matrix-animation-output-transform">
        <float_array id="mixamorig_Hips-Matrix-animation-output-transform-array" count="4176">

0.582187 -0.121236 -0.803965 -0.024746 -0.014365 0.987132 -0.159259 80.561264 0.812928 0.104268 0.572954 0.030008 0.000000 0.000000 0.000000 1.000000
0.582594 -0.120081 -0.803844 -0.036113 -0.014967 0.987273 -0.158330 80.525909 0.812625 0.104274 0.573382 0.032871 0.000000 0.000000 0.000000 1.000000
0.583165 -0.119658 -0.803493 -0.049460 -0.015538 0.987268 -0.158303 80.488350 0.812205 0.104801 0.573881 0.034384 0.000000 0.000000 0.000000 1.000000
0.583616 -0.118633 -0.803317 -0.076577 -0.016768 0.987299 -0.157986 80.460075 0.811857 0.105673 0.574214 0.040043 0.000000 0.000000 0.000000 1.000000
0.584097 -0.117781 -0.803093 -0.116712 -0.017817 0.987317 -0.157758 80.455986 0.811488 0.106455 0.574591 0.069624 0.000000 0.000000 0.000000 1.000000
0.583535 -0.118607 -0.803380 -0.192089 -0.018357 0.987098 -0.159063 80.497322 0.811880 0.107566 0.573829 0.125602 0.000000 0.000000 0.000000 1.000000
0.582803 -0.119967 -0.803710 -0.304191 -0.019094 0.986748 -0.161135 80.605507 0.812389 0.109256 0.572788 0.210915 0.000000 0.000000 0.000000 1.000000
0.582065 -0.120946 -0.804097 -0.444642 -0.020304 0.986406 -0.163065 80.772285 0.812889 0.111241 0.571697 0.319550 0.000000 0.000000 0.000000 1.000000
0.581522 -0.120864 -0.804503 -0.605717 -0.021261 0.986307 -0.163546 80.969772 0.813253 0.112210 0.570989 0.467552 0.000000 0.000000 0.000000 1.000000
0.581837 -0.120951 -0.804262 -0.779873 -0.023187 0.986011 -0.165058 81.189331 0.812975 0.114685 0.570893 0.615395 0.000000 0.000000 0.000000 1.000000
0.583293 -0.120245 -0.803313 -0.968071 -0.026148 0.985690 -0.166530 81.422470 0.811841 0.118140 0.571801 0.804043 0.000000 0.000000 0.000000 1.000000
0.583289 -0.118876 -0.803519 -1.190334 -0.028573 0.985618 -0.166558 81.688423 0.811762 0.120110 0.571503 1.029253 0.000000 0.000000 0.000000 1.000000
0.581646 -0.117694 -0.804882 -1.452093 -0.029718 0.985742 -0.165616 81.849701 0.812899 0.120250 0.569856 1.248820 0.000000 0.000000 0.000000 1.000000
0.579302 -0.118075 -0.806516 -1.717839 -0.030570 0.985609 -0.166252 81.837982 0.814540 0.120965 0.567355 1.413199 0.000000 0.000000 0.000000 1.000000
0.578218 -0.118721 -0.807198 -1.948096 -0.031019 0.985442 -0.167157 81.808838 0.815293 0.121691 0.566118 1.573546 0.000000 0.000000 0.000000 1.000000
0.578094 -0.118302 -0.807349 -2.137299 -0.031185 0.985508 -0.166737 81.772423 0.815374 0.121567 0.566027 1.740086 0.000000 0.000000 0.000000 1.000000
0.578200 -0.117562 -0.807381 -2.318088 -0.031344 0.985634 -0.165964 81.735504 0.815293 0.121267 0.566208 1.907786 0.000000 0.000000 0.000000 1.000000
0.578719 -0.116243 -0.807200 -2.484716 -0.031622 0.985847 -0.164641 81.704819 0.814914 0.120806 0.566852 2.064133 0.000000 0.000000 0.000000 1.000000
0.580502 -0.112910 -0.806393 -2.595128 -0.032134 0.986391 -0.161245 81.698982 0.813625 0.119515 0.568973 2.169885 0.000000 0.000000 0.000000 1.000000
0.580524 -0.109047 -0.806908 -2.667368 -0.033078 0.987015 -0.157184 81.702591 0.813571 0.117940 0.569379 2.249067 0.000000 0.000000 0.000000 1.000000
0.577429 -0.107152 -0.809379 -2.715798 -0.033738 0.987372 -0.154785 81.708488 0.815744 0.116684 0.566522 2.307369 0.000000 0.000000 0.000000 1.000000
0.573538 -0.106288 -0.812255 -2.759149 -0.034096 0.987590 -0.153307 81.714905 0.818469 0.115621 0.562796 2.357709 0.000000 0.000000 0.000000 1.000000
0.569468 -0.106737 -0.815054 -2.802227 -0.034278 0.987588 -0.153281 81.724663 0.821299 0.115227 0.558741 2.397831 0.000000 0.000000 0.000000 1.000000
0.565368 -0.107983 -0.817740 -2.844941 -0.034391 0.987446 -0.154169 81.736549 0.824122 0.115285 0.554557 2.430941 0.000000 0.000000 0.000000 1.000000
0.561653 -0.109195 -0.820136 -2.879264 -0.034746 0.987265 -0.155242 81.746956 0.826643 0.115689 0.550706 2.452118 0.000000 0.000000 0.000000 1.000000
0.558615 -0.109785 -0.822129 -2.893974 -0.035360 0.987148 -0.155847 81.750954 0.828673 0.116129 0.547554 2.460911 0.000000 0.000000 0.000000 1.000000
0.556280 -0.109816 -0.823707 -2.887290 -0.035605 0.987170 -0.155654 81.758636 0.830232 0.115915 0.545233 2.465307 0.000000 0.000000 0.000000 1.000000
0.554561 -0.109719 -0.824878 -2.868635 -0.035757 0.987212 -0.155351 81.771347 0.831374 0.115647 0.543546 2.467770 0.000000 0.000000 0.000000 1.000000
0.553159 -0.110391 -0.825729 -2.834644 -0.036175 0.987064 -0.156193 81.794830 0.832290 0.116270 0.542010 2.460755 0.000000 0.000000 0.000000 1.000000
0.551485 -0.111991 -0.826633 -2.788114 -0.036158 0.986807 -0.157814 81.818871 0.833401 0.116921 0.540160 2.451553 0.000000 0.000000 0.000000 1.000000
0.550287 -0.114292 -0.827116 -2.735461 -0.036163 0.986396 -0.160361 81.848083 0.834192 0.118155 0.538668 2.450432 0.000000 0.000000 0.000000 1.000000
0.548107 -0.120303 -0.827711 -2.669591 -0.035619 0.985347 -0.166801 81.879936 0.835649 0.120908 0.535791 2.457860 0.000000 0.000000 0.000000 1.000000
0.544776 -0.128500 -0.828678 -2.594030 -0.034944 0.983853 -0.175535 81.895256 0.837853 0.124585 0.531490 2.444184 0.000000 0.000000 0.000000 1.000000
0.542206 -0.132547 -0.829725 -2.505906 -0.035743 0.982947 -0.180380 81.867958 0.839485 0.127460 0.528222 2.417394 0.000000 0.000000 0.000000 1.000000
0.538982 -0.135372 -0.831368 -2.428534 -0.036974 0.982247 -0.183910 81.827675 0.841506 0.129863 0.524408 2.398810 0.000000 0.000000 0.000000 1.000000
0.537285 -0.137969 -0.832039 -2.371864 -0.037602 0.981629 -0.187055 81.833214 0.842562 0.131789 0.522227 2.362244 0.000000 0.000000 0.000000 1.000000
0.537450 -0.138753 -0.831802 -2.325772 -0.038968 0.981231 -0.188857 81.873665 0.842395 0.133915 0.521956 2.314389 0.000000 0.000000 0.000000 1.000000
0.539916 -0.139907 -0.830010 -2.242075 -0.039830 0.980738 -0.191223 81.907356 0.840776 0.136304 0.523944 2.284408 0.000000 0.000000 0.000000 1.000000
0.545664 -0.141546 -0.825963 -2.104836 -0.039790 0.980144 -0.194254 81.910500 0.837059 0.138863 0.529198 2.235823 0.000000 0.000000 0.000000 1.000000
0.551385 -0.144012 -0.821727 -1.938924 -0.038891 0.979480 -0.197755 81.911957 0.833344 0.140997 0.534469 2.189042 0.000000 0.000000 0.000000 1.000000
0.556355 -0.148039 -0.817651 -1.784369 -0.037354 0.978551 -0.202588 81.919983 0.830104 0.143254 0.538892 2.151522 0.000000 0.000000 0.000000 1.000000
0.560827 -0.150593 -0.814122 -1.658294 -0.036247 0.977910 -0.205860 81.930977 0.827139 0.144961 0.542980 2.129236 0.000000 0.000000 0.000000 1.000000
0.565163 -0.150743 -0.811091 -1.527583 -0.035803 0.977756 -0.206665 81.931152 0.824202 0.145839 0.547194 2.123337 0.000000 0.000000 0.000000 1.000000
0.568901 -0.149567 -0.808691 -1.390975 -0.035457 0.977948 -0.205814 81.930008 0.821641 0.145762 0.551052 2.124681 0.000000 0.000000 0.000000 1.000000
0.570819 -0.148581 -0.807520 -1.307302 -0.035070 0.978181 -0.204773 81.936844 0.820327 0.145208 0.553154 2.131109 0.000000 0.000000 0.000000 1.000000
0.572757 -0.146001 -0.806618 -1.257473 -0.035689 0.978636 -0.202479 81.947762 0.818948 0.144758 0.555310 2.143448 0.000000 0.000000 0.000000 1.000000
0.574065 -0.143468 -0.806143 -1.190686 -0.035856 0.979181 -0.199797 81.953041 0.818024 0.143601 0.556970 2.160091 0.000000 0.000000 0.000000 1.000000
0.576701 -0.142824 -0.804374 -1.073077 -0.034389 0.979483 -0.198572 81.951874 0.816231 0.142179 0.559957 2.156833 0.000000 0.000000 0.000000 1.000000
0.580934 -0.143432 -0.801213 -0.897532 -0.031786 0.979603 -0.198413 81.958588 0.813330 0.140732 0.564526 2.148447 0.000000 0.000000 0.000000 1.000000
0.586924 -0.144739 -0.796600 -0.671996 -0.029580 0.979401 -0.199747 81.974052 0.809102 0.140800 0.570552 2.130204 0.000000 0.000000 0.000000 1.000000
0.592906 -0.147055 -0.791730 -0.431674 -0.028053 0.978816 -0.202813 81.991829 0.804783 0.142460 0.576221 2.091693 0.000000 0.000000 0.000000 1.000000
0.600258 -0.149344 -0.785740 -0.193740 -0.027354 0.978004 -0.206785 82.014618 0.799339 0.145618 0.582969 2.020047 0.000000 0.000000 0.000000 1.000000
0.607423 -0.151278 -0.779841 0.013947 -0.027669 0.977075 -0.211090 82.023819 0.793896 0.149798 0.589312 1.945859 0.000000 0.000000 0.000000 1.000000
0.614439 -0.153241 -0.773939 0.197459 -0.027987 0.976105 -0.215489 82.024452 0.788468 0.154065 0.595468 1.857749 0.000000 0.000000 0.000000 1.000000
0.622192 -0.154027 -0.767563 0.375411 -0.028350 0.975378 -0.218710 82.026215 0.782351 0.157840 0.602506 1.779745 0.000000 0.000000 0.000000 1.000000
0.629065 -0.152771 -0.762193 0.526002 -0.028710 0.975263 -0.219174 82.038193 0.776822 0.159757 0.609118 1.711933 0.000000 0.000000 0.000000 1.000000
0.634133 -0.150972 -0.758342 0.644467 -0.028607 0.975501 -0.218126 82.053947 0.772695 0.160015 0.614278 1.672770 0.000000 0.000000 0.000000 1.000000
0.640488 -0.148547 -0.753464 0.756516 -0.028293 0.975884 -0.216448 82.066399 0.767447 0.159950 0.620840 1.652428 0.000000 0.000000 0.000000 1.000000
0.648280 -0.146438 -0.747188 0.857551 -0.026947 0.976304 -0.214721 82.070915 0.760925 0.159334 0.628972 1.659773 0.000000 0.000000 0.000000 1.000000
0.654489 -0.144327 -0.742168 0.958676 -0.026213 0.976690 -0.213050 82.077164 0.755617 0.158894 0.635450 1.669297 0.000000 0.000000 0.000000 1.000000
0.660322 -0.141551 -0.737522 1.040816 -0.026120 0.977152 -0.210929 82.069328 0.750528 0.158545 0.641538 1.687988 0.000000 0.000000 0.000000 1.000000
0.665818 -0.140152 -0.732832 1.144332 -0.025303 0.977393 -0.209913 82.071281 0.745685 0.158307 0.647220 1.699370 0.000000 0.000000 0.000000 1.000000
0.669363 -0.139576 -0.729707 1.224099 -0.024138 0.977589 -0.209132 82.068657 0.742543 0.157599 0.650993 1.722395 0.000000 0.000000 0.000000 1.000000
0.672836 -0.140256 -0.726375 1.294440 -0.022081 0.977619 -0.209222 82.071213 0.739462 0.156811 0.654680 1.735005 0.000000 0.000000 0.000000 1.000000
0.676450 -0.139782 -0.723102 1.355867 -0.020070 0.977960 -0.207824 82.079208 0.736215 0.155095 0.658736 1.744829 0.000000 0.000000 0.000000 1.000000
0.680509 -0.138634 -0.719505 1.417746 -0.018845 0.978303 -0.206322 82.077766 0.732497 0.153963 0.663132 1.750707 0.000000 0.000000 0.000000 1.000000
0.684624 -0.138030 -0.715708 1.486457 -0.017933 0.978419 -0.205851 82.075195 0.728676 0.153765 0.667374 1.755118 0.000000 0.000000 0.000000 1.000000
0.689163 -0.135758 -0.711775 1.543109 -0.017249 0.978940 -0.203416 82.076492 0.724401 0.152464 0.672308 1.773385 0.000000 0.000000 0.000000 1.000000
0.691485 -0.133938 -0.709866 1.596369 -0.016621 0.979452 -0.200993 82.090912 0.722200 0.150782 0.675050 1.783913 0.000000 0.000000 0.000000 1.000000
0.693943 -0.132462 -0.707741 1.642342 -0.016132 0.979825 -0.199204 82.096153 0.719850 0.149653 0.677806 1.793856 0.000000 0.000000 0.000000 1.000000
0.697258 -0.129169 -0.705086 1.695360 -0.016731 0.980430 -0.196156 82.096725 0.716625 0.148568 0.681452 1.796671 0.000000 0.000000 0.000000 1.000000
0.701154 -0.126176 -0.701757 1.746934 -0.016942 0.980991 -0.193310 82.097984 0.712809 0.147429 0.685688 1.787084 0.000000 0.000000 0.000000 1.000000
0.704089 -0.123945 -0.699211 1.789105 -0.017495 0.981323 -0.191570 82.102264 0.709896 0.147115 0.688770 1.771987 0.000000 0.000000 0.000000 1.000000
0.706106 -0.121050 -0.697682 1.832607 -0.019006 0.981685 -0.189561 82.101929 0.707851 0.147111 0.690873 1.749736 0.000000 0.000000 0.000000 1.000000
0.707344 -0.118827 -0.696810 1.884165 -0.019737 0.982065 -0.187506 82.105171 0.706593 0.146384 0.692313 1.722944 0.000000 0.000000 0.000000 1.000000
0.707707 -0.116862 -0.696774 1.933509 -0.020593 0.982394 -0.185681 82.107430 0.706206 0.145757 0.692841 1.695914 0.000000 0.000000 0.000000 1.000000
0.706765 -0.115594 -0.697940 1.973247 -0.021114 0.982675 -0.184133 82.105392 0.707133 0.144875 0.692080 1.670712 0.000000 0.000000 0.000000 1.000000
0.704446 -0.114954 -0.700387 1.996355 -0.022411 0.982702 -0.183831 82.093742 0.709404 0.145195 0.689684 1.648414 0.000000 0.000000 0.000000 1.000000
0.701885 -0.114369 -0.703049 2.013894 -0.023176 0.982836 -0.183022 82.081421 0.711913 0.144754 0.687187 1.628659 0.000000 0.000000 0.000000 1.000000
0.697646 -0.114510 -0.707232 2.020007 -0.023930 0.982869 -0.182744 82.087807 0.716043 0.144414 0.682955 1.604153 0.000000 0.000000 0.000000 1.000000
0.692331 -0.116236 -0.712157 2.021005 -0.025177 0.982448 -0.184829 82.097893 0.721141 0.145893 0.677252 1.587482 0.000000 0.000000 0.000000 1.000000
0.686795 -0.118260 -0.717166 2.011864 -0.026141 0.982018 -0.186969 82.112778 0.726381 0.147157 0.671354 1.577564 0.000000 0.000000 0.000000 1.000000
0.680937 -0.121094 -0.722261 2.007245 -0.027031 0.981407 -0.190027 82.128281 0.731843 0.148920 0.665003 1.567026 0.000000 0.000000 0.000000 1.000000
0.675318 -0.123706 -0.727078 2.007279 -0.028624 0.980694 -0.193442 82.139328 0.736971 0.151447 0.658740 1.550821 0.000000 0.000000 0.000000 1.000000
0.669344 -0.126608 -0.732085 1.996367 -0.029777 0.980009 -0.196710 82.152222 0.742356 0.153466 0.652193 1.550932 0.000000 0.000000 0.000000 1.000000
0.663446 -0.131274 -0.736619 1.987741 -0.030195 0.978989 -0.201663 82.171791 0.747615 0.156034 0.645543 1.537970 0.000000 0.000000 0.000000 1.000000
0.655609 -0.135050 -0.742925 1.951746 -0.030607 0.978315 -0.204849 82.181664 0.754480 0.157039 0.637259 1.553898 0.000000 0.000000 0.000000 1.000000
0.647423 -0.139018 -0.749345 1.904606 -0.030504 0.977709 -0.207739 82.189293 0.761520 0.157353 0.628750 1.575309 0.000000 0.000000 0.000000 1.000000
0.639588 -0.143802 -0.755148 1.861584 -0.030358 0.976856 -0.211734 82.195518 0.768118 0.158347 0.620420 1.600630 0.000000 0.000000 0.000000 1.000000
0.631759 -0.147214 -0.761058 1.810383 -0.030486 0.976323 -0.214160 82.201431 0.774565 0.158499 0.612313 1.627322 0.000000 0.000000 0.000000 1.000000
0.623418 -0.150547 -0.767258 1.749587 -0.030077 0.975945 -0.215933 82.213524 0.781310 0.157694 0.603894 1.669219 0.000000 0.000000 0.000000 1.000000
0.615387 -0.154305 -0.772974 1.674295 -0.029833 0.975389 -0.218463 82.226952 0.787660 0.157499 0.595638 1.706713 0.000000 0.000000 0.000000 1.000000
0.607325 -0.158068 -0.778570 1.589025 -0.030016 0.974742 -0.221309 82.246948 0.793887 0.157775 0.587240 1.741722 0.000000 0.000000 0.000000 1.000000
0.598752 -0.160515 -0.784685 1.498284 -0.030146 0.974501 -0.222347 82.262207 0.800367 0.156786 0.578646 1.771321 0.000000 0.000000 0.000000 1.000000
0.589271 -0.163476 -0.791224 1.399392 -0.029866 0.974239 -0.223533 82.288208 0.807383 0.155353 0.569209 1.788955 0.000000 0.000000 0.000000 1.000000
0.579009 -0.165445 -0.798359 1.307577 -0.031022 0.974016 -0.224346 82.304443 0.814731 0.154665 0.558832 1.783634 0.000000 0.000000 0.000000 1.000000
0.568894 -0.166521 -0.805376 1.252500 -0.032771 0.973919 -0.224518 82.309624 0.821758 0.154120 0.548599 1.775333 0.000000 0.000000 0.000000 1.000000
0.559830 -0.168241 -0.811348 1.206305 -0.034559 0.973578 -0.225727 82.318710 0.827886 0.154408 0.539224 1.750205 0.000000 0.000000 0.000000 1.000000
0.552932 -0.168939 -0.815920 1.155273 -0.036674 0.973346 -0.226388 82.331345 0.832419 0.155101 0.531999 1.713161 0.000000 0.000000 0.000000 1.000000
0.547149 -0.169448 -0.819704 1.108442 -0.038782 0.973111 -0.227046 82.344360 0.836136 0.156018 0.525866 1.671955 0.000000 0.000000 0.000000 1.000000
0.543429 -0.169368 -0.822192 1.073472 -0.040666 0.972974 -0.227307 82.355331 0.838470 0.156960 0.521855 1.632408 0.000000 0.000000 0.000000 1.000000
0.541526 -0.169641 -0.823391 1.052368 -0.041602 0.972821 -0.227789 82.369835 0.839654 0.157608 0.519750 1.604555 0.000000 0.000000 0.000000 1.000000
0.541281 -0.168977 -0.823688 1.050040 -0.042503 0.972848 -0.227508 82.380112 0.839767 0.158155 0.519403 1.589904 0.000000 0.000000 0.000000 1.000000
0.542484 -0.167714 -0.823154 1.059247 -0.043133 0.973015 -0.226674 82.395218 0.838958 0.158473 0.520611 1.581052 0.000000 0.000000 0.000000 1.000000
0.544589 -0.166105 -0.822090 1.083586 -0.043476 0.973283 -0.225455 82.410034 0.837576 0.158521 0.522818 1.577201 0.000000 0.000000 0.000000 1.000000
0.548589 -0.164617 -0.819727 1.131916 -0.043185 0.973538 -0.224406 82.421417 0.834976 0.158507 0.526963 1.587707 0.000000 0.000000 0.000000 1.000000
0.554382 -0.162337 -0.816276 1.198288 -0.042458 0.973999 -0.222539 82.428238 0.831179 0.158029 0.533075 1.601083 0.000000 0.000000 0.000000 1.000000
0.561911 -0.160021 -0.811572 1.281376 -0.041510 0.974419 -0.220870 82.432648 0.826155 0.157798 0.540895 1.619227 0.000000 0.000000 0.000000 1.000000
0.570925 -0.156656 -0.805918 1.383328 -0.040660 0.975027 -0.218332 82.435593 0.819995 0.157420 0.550297 1.641221 0.000000 0.000000 0.000000 1.000000
0.580701 -0.153190 -0.799574 1.502698 -0.039337 0.975710 -0.215504 82.438843 0.813166 0.156597 0.560570 1.648873 0.000000 0.000000 0.000000 1.000000
0.590527 -0.150126 -0.792931 1.639855 -0.038400 0.976205 -0.213424 82.442986 0.806104 0.156481 0.570710 1.654550 0.000000 0.000000 0.000000 1.000000
0.601015 -0.145507 -0.785881 1.791183 -0.037731 0.977026 -0.209753 82.442673 0.798347 0.155717 0.581717 1.647143 0.000000 0.000000 0.000000 1.000000
0.612682 -0.140685 -0.777707 1.966987 -0.037128 0.977819 -0.206135 82.437225 0.789457 0.155170 0.593869 1.632327 0.000000 0.000000 0.000000 1.000000
0.624912 -0.136572 -0.768657 2.146712 -0.036001 0.978491 -0.203123 82.431816 0.779865 0.154607 0.606554 1.621488 0.000000 0.000000 0.000000 1.000000
0.638010 -0.133449 -0.758376 2.332663 -0.034417 0.978942 -0.201216 82.427422 0.769258 0.154479 0.619982 1.602165 0.000000 0.000000 0.000000 1.000000
0.651701 -0.130164 -0.747223 2.512528 -0.032218 0.979525 -0.198730 82.417397 0.757791 0.153586 0.634164 1.606344 0.000000 0.000000 0.000000 1.000000
0.663371 -0.128140 -0.737238 2.658107 -0.029880 0.979907 -0.197204 82.409737 0.747694 0.152848 0.646213 1.609738 0.000000 0.000000 0.000000 1.000000
0.672128 -0.126862 -0.729487 2.766783 -0.027024 0.980354 -0.195388 82.405502 0.739942 0.151040 0.655494 1.634965 0.000000 0.000000 0.000000 1.000000
0.678224 -0.125993 -0.723974 2.842846 -0.024301 0.980808 -0.193455 82.399178 0.734453 0.148799 0.662146 1.681563 0.000000 0.000000 0.000000 1.000000
0.682149 -0.125084 -0.720435 2.901498 -0.022016 0.981300 -0.191222 82.394569 0.730882 0.146303 0.666639 1.737259 0.000000 0.000000 0.000000 1.000000
0.683998 -0.122778 -0.719078 2.926419 -0.020805 0.982050 -0.187469 82.384842 0.729187 0.143189 0.669166 1.806635 0.000000 0.000000 0.000000 1.000000
0.685113 -0.122754 -0.718020 2.912655 -0.017779 0.982587 -0.184949 82.390495 0.728220 0.139476 0.671001 1.880874 0.000000 0.000000 0.000000 1.000000
0.685004 -0.122609 -0.718148 2.858551 -0.015928 0.982981 -0.183017 82.408424 0.728366 0.136806 0.671392 1.953088 0.000000 0.000000 0.000000 1.000000
0.683880 -0.122248 -0.719280 2.786202 -0.014630 0.983367 -0.181041 82.425865 0.729448 0.134333 0.670716 2.025649 0.000000 0.000000 0.000000 1.000000
0.684288 -0.121460 -0.719025 2.720974 -0.013922 0.983675 -0.179415 82.429489 0.729079 0.132782 0.671426 2.091190 0.000000 0.000000 0.000000 1.000000
0.684827 -0.120683 -0.718643 2.653491 -0.014056 0.983820 -0.178609 82.427315 0.728570 0.132418 0.672050 2.147873 0.000000 0.000000 0.000000 1.000000
0.685264 -0.118919 -0.718520 2.568954 -0.015266 0.984017 -0.177419 82.430557 0.728134 0.132548 0.672496 2.188376 0.000000 0.000000 0.000000 1.000000
0.684980 -0.117905 -0.718958 2.486127 -0.015997 0.984146 -0.176636 82.443344 0.728386 0.132493 0.672234 2.216415 0.000000 0.000000 0.000000 1.000000
0.683751 -0.116772 -0.720312 2.409719 -0.017208 0.984259 -0.175895 82.447845 0.729513 0.132663 0.670978 2.231323 0.000000 0.000000 0.000000 1.000000
0.681826 -0.117176 -0.722069 2.347738 -0.017436 0.984204 -0.176179 82.457642 0.731307 0.132713 0.669012 2.239505 0.000000 0.000000 0.000000 1.000000
0.680644 -0.117053 -0.723203 2.273009 -0.018589 0.984076 -0.176772 82.460625 0.732379 0.133762 0.667629 2.227844 0.000000 0.000000 0.000000 1.000000
0.679260 -0.117507 -0.724429 2.199786 -0.020451 0.983685 -0.178736 82.472954 0.733612 0.136223 0.665775 2.188420 0.000000 0.000000 0.000000 1.000000
0.677707 -0.118064 -0.725792 2.141458 -0.020471 0.983614 -0.179119 82.490814 0.735047 0.136248 0.664186 2.170775 0.000000 0.000000 0.000000 1.000000
0.676667 -0.117539 -0.726847 2.088537 -0.021042 0.983686 -0.178662 82.504875 0.735989 0.136189 0.663154 2.160402 0.000000 0.000000 0.000000 1.000000
0.675931 -0.117904 -0.727472 2.048213 -0.021204 0.983599 -0.179118 82.518829 0.736659 0.136497 0.662345 2.156640 0.000000 0.000000 0.000000 1.000000
0.675994 -0.118654 -0.727291 2.010550 -0.021695 0.983319 -0.180589 82.534065 0.736587 0.137856 0.662144 2.152647 0.000000 0.000000 0.000000 1.000000
0.677141 -0.117850 -0.726355 1.973118 -0.021919 0.983424 -0.179992 82.538002 0.735526 0.137801 0.663334 2.182079 0.000000 0.000000 0.000000 1.000000
0.677145 -0.116268 -0.726606 1.940091 -0.021616 0.983869 -0.177579 82.543457 0.735532 0.135953 0.663708 2.222392 0.000000 0.000000 0.000000 1.000000
0.677299 -0.114246 -0.726783 1.890302 -0.021563 0.984362 -0.174831 82.543388 0.735392 0.134085 0.664244 2.256006 0.000000 0.000000 0.000000 1.000000
0.675426 -0.114000 -0.728563 1.803430 -0.021780 0.984464 -0.174233 82.541550 0.737106 0.133550 0.662449 2.306646 0.000000 0.000000 0.000000 1.000000
0.673422 -0.112525 -0.730644 1.706645 -0.022418 0.984785 -0.172327 82.536049 0.738919 0.132428 0.660653 2.352290 0.000000 0.000000 0.000000 1.000000
0.670846 -0.111693 -0.733137 1.612638 -0.023211 0.984946 -0.171296 82.538322 0.741233 0.131930 0.658155 2.380642 0.000000 0.000000 0.000000 1.000000
0.669079 -0.111333 -0.734805 1.529167 -0.023473 0.985057 -0.170623 82.545120 0.742820 0.131408 0.656468 2.410907 0.000000 0.000000 0.000000 1.000000
0.667181 -0.111006 -0.736578 1.451105 -0.023985 0.985120 -0.170188 82.553757 0.744509 0.131213 0.654590 2.433382 0.000000 0.000000 0.000000 1.000000
0.665661 -0.110984 -0.737955 1.387282 -0.023726 0.985232 -0.169575 82.562721 0.745877 0.130388 0.653197 2.464151 0.000000 0.000000 0.000000 1.000000
0.664952 -0.110849 -0.738615 1.326429 -0.023853 0.985269 -0.169340 82.571434 0.746506 0.130221 0.652512 2.482330 0.000000 0.000000 0.000000 1.000000
0.664105 -0.110326 -0.739454 1.265650 -0.024066 0.985385 -0.168633 82.584518 0.747252 0.129786 0.651744 2.502995 0.000000 0.000000 0.000000 1.000000
0.662842 -0.110171 -0.740609 1.202276 -0.023957 0.985489 -0.168039 82.596054 0.748376 0.129126 0.650585 2.528196 0.000000 0.000000 0.000000 1.000000
0.660592 -0.109952 -0.742650 1.137526 -0.024275 0.985571 -0.167510 82.602692 0.750353 0.128684 0.648391 2.565944 0.000000 0.000000 0.000000 1.000000
0.657020 -0.111045 -0.745650 1.058041 -0.024918 0.985353 -0.168699 82.612518 0.753461 0.129418 0.644630 2.609305 0.000000 0.000000 0.000000 1.000000
0.653293 -0.112256 -0.748737 0.944797 -0.025778 0.985075 -0.170182 82.624107 0.756667 0.130480 0.640649 2.653922 0.000000 0.000000 0.000000 1.000000
0.649494 -0.112428 -0.752009 0.814254 -0.026789 0.985011 -0.170400 82.629997 0.759894 0.130819 0.636747 2.707583 0.000000 0.000000 0.000000 1.000000
0.646579 -0.112511 -0.754505 0.678144 -0.028220 0.984859 -0.171045 82.632729 0.762325 0.131886 0.633614 2.766058 0.000000 0.000000 0.000000 1.000000
0.643610 -0.111235 -0.757227 0.530934 -0.029939 0.984966 -0.170136 82.638199 0.764768 0.132172 0.630604 2.823028 0.000000 0.000000 0.000000 1.000000
0.640037 -0.109957 -0.760435 0.372286 -0.032161 0.985006 -0.169498 82.634331 0.767670 0.132941 0.626904 2.874493 0.000000 0.000000 0.000000 1.000000
0.635975 -0.108533 -0.764039 0.183283 -0.034013 0.985156 -0.168255 82.629990 0.770960 0.132994 0.622844 2.932942 0.000000 0.000000 0.000000 1.000000
0.629418 -0.105195 -0.769914 -0.050804 -0.035652 0.985842 -0.163844 82.646225 0.776249 0.130576 0.616756 2.999140 0.000000 0.000000 0.000000 1.000000
0.619838 -0.102832 -0.777963 -0.333665 -0.036490 0.986528 -0.159473 82.665970 0.783881 0.127235 0.607735 3.092170 0.000000 0.000000 0.000000 1.000000
0.608577 -0.101139 -0.787023 -0.657998 -0.036713 0.987193 -0.155251 82.677917 0.792645 0.123376 0.597070 3.207352 0.000000 0.000000 0.000000 1.000000
0.597302 -0.099169 -0.795862 -1.026534 -0.037482 0.987790 -0.151215 82.684723 0.801140 0.120151 0.586292 3.340207 0.000000 0.000000 0.000000 1.000000
0.583094 -0.095539 -0.806768 -1.443962 -0.038566 0.988686 -0.144956 82.678696 0.811489 0.115637 0.572812 3.488571 0.000000 0.000000 0.000000 1.000000
0.568872 -0.093425 -0.817102 -1.871397 -0.038385 0.989428 -0.139852 82.675011 0.821530 0.110922 0.559272 3.649792 0.000000 0.000000 0.000000 1.000000
0.553072 -0.090901 -0.828159 -2.331767 -0.038716 0.990152 -0.134538 82.655762 0.832233 0.106472 0.544106 3.842516 0.000000 0.000000 0.000000 1.000000
0.538056 -0.089258 -0.838170 -2.822257 -0.039145 0.990659 -0.130626 82.621880 0.842000 0.103094 0.529536 4.060990 0.000000 0.000000 0.000000 1.000000
0.524359 -0.086828 -0.847059 -3.311206 -0.038933 0.991302 -0.125714 82.575378 0.850607 0.098898 0.516418 4.294280 0.000000 0.000000 0.000000 1.000000
0.512665 -0.084081 -0.854462 -3.834459 -0.038320 0.991961 -0.120603 82.521095 0.857733 0.094572 0.505322 4.530548 0.000000 0.000000 0.000000 1.000000
0.500798 -0.082559 -0.861618 -4.416488 -0.037281 0.992460 -0.116765 82.459129 0.864761 0.090597 0.493944 4.798904 0.000000 0.000000 0.000000 1.000000
0.491274 -0.081414 -0.867192 -4.991181 -0.037372 0.992735 -0.114371 82.402702 0.870203 0.088597 0.484662 5.068086 0.000000 0.000000 0.000000 1.000000
0.484765 -0.076586 -0.871285 -5.559164 -0.038546 0.993321 -0.108759 82.350266 0.873795 0.086307 0.478575 5.329819 0.000000 0.000000 0.000000 1.000000
0.480917 -0.071266 -0.873865 -6.143854 -0.038715 0.993993 -0.102369 82.299774 0.875911 0.083062 0.475269 5.577098 0.000000 0.000000 0.000000 1.000000
0.478732 -0.066183 -0.875463 -6.728514 -0.038862 0.994580 -0.096439 82.240349 0.877100 0.080191 0.473566 5.812053 0.000000 0.000000 0.000000 1.000000
0.476185 -0.059406 -0.877336 -7.335631 -0.040775 0.995150 -0.089515 82.167198 0.878399 0.078399 0.471453 6.049708 0.000000 0.000000 0.000000 1.000000
0.472531 -0.053443 -0.879692 -7.974602 -0.041980 0.995662 -0.083038 82.080925 0.880314 0.076168 0.468238 6.286389 0.000000 0.000000 0.000000 1.000000
0.468161 -0.048048 -0.882336 -8.592335 -0.042234 0.996163 -0.076656 82.003212 0.882633 0.073152 0.464336 6.516244 0.000000 0.000000 0.000000 1.000000
0.463013 -0.042663 -0.885324 -9.219478 -0.041993 0.996663 -0.069991 81.942467 0.885356 0.069584 0.459676 6.638916 0.000000 0.000000 0.000000 1.000000
0.458019 -0.034870 -0.888258 -9.866086 -0.040044 0.997407 -0.059802 81.874382 0.888040 0.062960 0.455435 6.690723 0.000000 0.000000 0.000000 1.000000
0.452498 -0.029777 -0.891268 -10.505617 -0.038049 0.997888 -0.052657 81.803490 0.890954 0.057739 0.450409 6.686384 0.000000 0.000000 0.000000 1.000000
0.447985 -0.021065 -0.893793 -11.141593 -0.037208 0.998417 -0.042180 81.711105 0.893266 0.052152 0.446492 6.634128 0.000000 0.000000 0.000000 1.000000
0.444889 -0.008959 -0.895541 -11.782620 -0.036470 0.998939 -0.028111 81.618027 0.894843 0.045167 0.444091 6.544175 0.000000 0.000000 0.000000 1.000000
0.441991 0.002592 -0.897016 -12.409945 -0.036304 0.999228 -0.015001 81.550545 0.896285 0.039196 0.441743 6.409211 0.000000 0.000000 0.000000 1.000000
0.440668 0.017126 -0.897507 -13.025010 -0.037022 0.999314 0.000891 81.500610 0.896906 0.032835 0.441000 6.275537 0.000000 0.000000 0.000000 1.000000
0.440650 0.033829 -0.897041 -13.598403 -0.038036 0.999096 0.018993 81.448654 0.896873 0.025750 0.441538 6.180252 0.000000 0.000000 0.000000 1.000000
0.440633 0.049712 -0.896310 -14.092287 -0.039671 0.998568 0.035881 81.402443 0.896810 0.019747 0.441974 6.101387 0.000000 0.000000 0.000000 1.000000
0.442570 0.064788 -0.894390 -14.503531 -0.041132 0.997804 0.051925 81.357666 0.895790 0.013808 0.444263 6.048397 0.000000 0.000000 0.000000 1.000000
0.445178 0.077668 -0.892067 -14.849951 -0.041398 0.996951 0.066140 81.321335 0.894485 0.007486 0.447036 6.041508 0.000000 0.000000 0.000000 1.000000
0.446621 0.086058 -0.890575 -15.128025 -0.040987 0.996287 0.075718 81.288139 0.893784 0.002685 0.448489 6.078419 0.000000 0.000000 0.000000 1.000000
0.446668 0.091033 -0.890056 -15.323906 -0.040059 0.995847 0.081750 81.276932 0.893802 -0.000861 0.448460 6.142319 0.000000 0.000000 0.000000 1.000000
0.448104 0.093294 -0.889100 -15.441403 -0.039398 0.995634 0.084616 81.270203 0.893113 -0.002888 0.449824 6.194343 0.000000 0.000000 0.000000 1.000000
0.450093 0.095499 -0.887860 -15.482512 -0.039823 0.995423 0.086880 81.242004 0.892093 -0.003746 0.451836 6.232073 0.000000 0.000000 0.000000 1.000000
0.452709 0.095719 -0.886506 -15.465941 -0.040718 0.995403 0.086683 81.216988 0.890728 -0.003146 0.454525 6.250712 0.000000 0.000000 0.000000 1.000000
0.454919 0.093805 -0.885578 -15.391418 -0.041814 0.995590 0.083979 81.205261 0.889551 -0.001174 0.456835 6.240842 0.000000 0.000000 0.000000 1.000000
0.456655 0.091241 -0.884953 -15.267180 -0.042736 0.995828 0.080620 81.206184 0.888617 0.001004 0.458649 6.207735 0.000000 0.000000 0.000000 1.000000
0.458493 0.087813 -0.884349 -15.102506 -0.043791 0.996130 0.076209 81.237297 0.887618 0.003785 0.460564 6.150448 0.000000 0.000000 0.000000 1.000000
0.459870 0.084067 -0.883998 -14.897352 -0.044490 0.996440 0.071616 81.259651 0.886871 0.006395 0.461973 6.078112 0.000000 0.000000 0.000000 1.000000
0.459994 0.076754 -0.884598 -14.649028 -0.043681 0.997007 0.063793 81.291733 0.886847 0.009296 0.461970 6.003740 0.000000 0.000000 0.000000 1.000000
0.461678 0.066203 -0.884574 -14.319448 -0.041257 0.997734 0.053139 81.325981 0.886088 0.011962 0.463363 5.882351 0.000000 0.000000 0.000000 1.000000
0.464647 0.053989 -0.883849 -13.899412 -0.038589 0.998426 0.040702 81.395279 0.884655 0.015194 0.465999 5.718841 0.000000 0.000000 0.000000 1.000000
0.467599 0.042347 -0.882926 -13.504018 -0.036537 0.998924 0.028561 81.598030 0.883185 0.018905 0.468643 5.517282 0.000000 0.000000 0.000000 1.000000
0.470657 0.028119 -0.881868 -13.099109 -0.035063 0.999299 0.013150 81.925751 0.881619 0.024731 0.471313 5.277006 0.000000 0.000000 0.000000 1.000000
0.474700 0.016526 -0.879992 -12.666419 -0.033942 0.999424 0.000460 82.322739 0.879493 0.029651 0.474988 4.992520 0.000000 0.000000 0.000000 1.000000
0.479556 0.008269 -0.877472 -12.260757 -0.034437 0.999363 -0.009403 82.720856 0.876835 0.034726 0.479535 4.679055 0.000000 0.000000 0.000000 1.000000
0.485587 0.005418 -0.874172 -11.856464 -0.037315 0.999198 -0.014535 83.131020 0.873392 0.039677 0.485399 4.328214 0.000000 0.000000 0.000000 1.000000
0.492221 0.007723 -0.870436 -11.431568 -0.040610 0.999076 -0.014100 83.558914 0.869523 0.042288 0.492079 3.965647 0.000000 0.000000 0.000000 1.000000
0.498114 0.015722 -0.866969 -10.970019 -0.044344 0.998989 -0.007362 83.953789 0.865977 0.042112 0.498308 3.601154 0.000000 0.000000 0.000000 1.000000
0.502425 0.022138 -0.864337 -10.379969 -0.047009 0.998893 -0.001741 84.291992 0.863342 0.041507 0.502909 3.234353 0.000000 0.000000 0.000000 1.000000
0.500647 0.023307 -0.865338 -9.691795 -0.047374 0.998877 -0.000505 84.523811 0.864354 0.041247 0.501189 2.904485 0.000000 0.000000 0.000000 1.000000
0.494865 0.017992 -0.868783 -8.919300 -0.045095 0.998970 -0.004998 84.619598 0.867799 0.041651 0.495167 2.651882 0.000000 0.000000 0.000000 1.000000
0.489295 0.012485 -0.872029 -8.074090 -0.041767 0.999086 -0.009132 84.555069 0.871118 0.040890 0.489369 2.463889 0.000000 0.000000 0.000000 1.000000
0.487364 0.008268 -0.873160 -7.102060 -0.039598 0.999136 -0.012641 84.263489 0.872300 0.040736 0.487271 2.412314 0.000000 0.000000 0.000000 1.000000
0.490675 0.004561 -0.871331 -6.006311 -0.039196 0.999090 -0.016843 83.733971 0.870461 0.042417 0.490407 2.511003 0.000000 0.000000 0.000000 1.000000
0.499139 0.001525 -0.866521 -4.802557 -0.039545 0.998997 -0.021020 83.008110 0.865619 0.044758 0.498699 2.701989 0.000000 0.000000 0.000000 1.000000
0.510539 -0.000905 -0.859854 -3.575494 -0.039362 0.998927 -0.024422 82.166183 0.858953 0.046314 0.509955 2.956108 0.000000 0.000000 0.000000 1.000000
0.522280 -0.003662 -0.852766 -2.415697 -0.039663 0.998804 -0.028581 81.316475 0.851851 0.048751 0.521511 3.219745 0.000000 0.000000 0.000000 1.000000
0.533983 -0.007865 -0.845459 -1.380906 -0.038404 0.998699 -0.033546 80.540192 0.844623 0.050382 0.532986 3.426586 0.000000 0.000000 0.000000 1.000000
0.543837 -0.013893 -0.839076 -0.495917 -0.035441 0.998591 -0.039505 79.919380 0.838442 0.051222 0.542578 3.555935 0.000000 0.000000 0.000000 1.000000
0.552385 -0.021458 -0.833313 0.165529 -0.033683 0.998278 -0.048034 79.500801 0.832908 0.054601 0.550711 3.568782 0.000000 0.000000 0.000000 1.000000
0.558747 -0.031519 -0.828739 0.641730 -0.030923 0.997791 -0.058797 79.160683 0.828761 0.058479 0.556538 3.518469 0.000000 0.000000 0.000000 1.000000
0.564165 -0.042567 -0.824564 0.968244 -0.027997 0.997110 -0.070629 78.833130 0.825187 0.062932 0.561343 3.468564 0.000000 0.000000 0.000000 1.000000
0.569122 -0.053958 -0.820481 1.127324 -0.025678 0.996192 -0.083324 78.557648 0.821852 0.068490 0.565569 3.413803 0.000000 0.000000 0.000000 1.000000
0.573745 -0.065397 -0.816419 1.164449 -0.025294 0.994917 -0.097470 78.289513 0.818643 0.076574 0.569174 3.299845 0.000000 0.000000 0.000000 1.000000
0.577173 -0.078606 -0.812830 1.077748 -0.025692 0.993116 -0.114285 78.035736 0.816217 0.086845 0.571180 3.123879 0.000000 0.000000 0.000000 1.000000
0.576120 -0.086714 -0.812753 0.897368 -0.029527 0.991500 -0.126715 77.875381 0.816832 0.097001 0.568662 2.864723 0.000000 0.000000 0.000000 1.000000
0.572903 -0.095466 -0.814044 0.634981 -0.033180 0.989678 -0.139414 77.743408 0.818951 0.106881 0.563822 2.571855 0.000000 0.000000 0.000000 1.000000
0.568138 -0.103509 -0.816398 0.340552 -0.035539 0.988047 -0.150004 77.656006 0.822166 0.114236 0.557668 2.259298 0.000000 0.000000 0.000000 1.000000
0.564887 -0.111352 -0.817620 0.070070 -0.035059 0.986720 -0.158604 77.619720 0.824423 0.118259 0.553481 1.968732 0.000000 0.000000 0.000000 1.000000
0.560613 -0.119906 -0.819351 -0.171516 -0.031011 0.985727 -0.165472 77.657661 0.827497 0.118174 0.548892 1.705238 0.000000 0.000000 0.000000 1.000000
0.558109 -0.127641 -0.819891 -0.365259 -0.025749 0.984958 -0.170866 77.722374 0.829368 0.116473 0.546428 1.432375 0.000000 0.000000 0.000000 1.000000
0.556542 -0.133665 -0.819997 -0.508683 -0.021347 0.984347 -0.174943 77.839233 0.830545 0.114868 0.544977 1.205162 0.000000 0.000000 0.000000 1.000000
0.557076 -0.135688 -0.819302 -0.629974 -0.021171 0.983921 -0.177346 78.060410 0.830192 0.116140 0.545246 1.023021 0.000000 0.000000 0.000000 1.000000
0.561074 -0.134619 -0.816746 -0.720828 -0.024024 0.983624 -0.178627 78.356003 0.827417 0.119844 0.548651 0.857628 0.000000 0.000000 0.000000 1.000000
0.566924 -0.131736 -0.813168 -0.809917 -0.028295 0.983434 -0.179047 78.695168 0.823284 0.124515 0.553804 0.721565 0.000000 0.000000 0.000000 1.000000
0.573903 -0.125942 -0.809181 -0.880055 -0.034538 0.983502 -0.177569 79.073151 0.818195 0.129855 0.560085 0.639866 0.000000 0.000000 0.000000 1.000000
0.579045 -0.122375 -0.806059 -0.949288 -0.038960 0.983388 -0.177285 79.461273 0.814364 0.134060 0.564658 0.594128 0.000000 0.000000 0.000000 1.000000
0.583418 -0.119781 -0.803291 -0.962903 -0.042692 0.983174 -0.177611 79.839882 0.811049 0.137915 0.568488 0.569197 0.000000 0.000000 0.000000 1.000000
0.586370 -0.117955 -0.801409 -0.975163 -0.045770 0.982936 -0.178162 80.124931 0.808749 0.141149 0.570966 0.542351 0.000000 0.000000 0.000000 1.000000
0.588056 -0.117195 -0.800285 -0.985815 -0.046821 0.982855 -0.178336 80.361839 0.807464 0.142342 0.572486 0.490095 0.000000 0.000000 0.000000 1.000000
0.588136 -0.117534 -0.800176 -0.975129 -0.045919 0.982935 -0.178129 80.545677 0.807458 0.141507 0.572702 0.413388 0.000000 0.000000 0.000000 1.000000
0.586950 -0.118690 -0.800876 -0.927775 -0.044186 0.983026 -0.178067 80.648315 0.808416 0.139904 0.571743 0.296838 0.000000 0.000000 0.000000 1.000000
0.585110 -0.120636 -0.801931 -0.839111 -0.041376 0.983145 -0.178085 80.665848 0.809897 0.137380 0.570257 0.156189 0.000000 0.000000 0.000000 1.000000
0.582437 -0.123109 -0.803500 -0.729129 -0.036644 0.983484 -0.177248 80.661110 0.812050 0.132680 0.568306 0.016349 0.000000 0.000000 0.000000 1.000000
0.579936 -0.125930 -0.804870 -0.583022 -0.030721 0.983897 -0.176076 80.597137 0.814082 0.126839 0.566729 -0.119146 0.000000 0.000000 0.000000 1.000000
0.577405 -0.128863 -0.806224 -0.375764 -0.024927 0.984223 -0.175165 80.455208 0.816077 0.121238 0.565084 -0.248291 0.000000 0.000000 0.000000 1.000000
0.574937 -0.131881 -0.807499 -0.165272 -0.019305 0.984463 -0.174528 80.259529 0.817970 0.115931 0.563458 -0.354976 0.000000 0.000000 0.000000 1.000000
0.572679 -0.135137 -0.808564 0.008207 -0.013927 0.984573 -0.174418 80.000519 0.819661 0.111147 0.561962 -0.439219 0.000000 0.000000 0.000000 1.000000
