<?xml version="1.0" encoding="utf-8"?>
<COLLADA xmlns="http://www.collada.org/2005/11/COLLADASchema" version="1.4.1">
  <asset>
    <contributor>
      <author>Mixamo</author>
      <authoring_tool>COLLADA Mixamo exporter</authoring_tool>
      <comments/>
    </contributor>
    <created>2024-04-21T06:58:38Z</created>
    <modified>2024-04-21T06:58:38Z</modified>
    <revision/>
    <title/>
    <unit meter="0.010000"/>
    <up_axis>Y_UP</up_axis>
  </asset>
  <library_animations>
    <animation id="mixamorig_Hips-anim" name="mixamorig_Hips">
      <source id="mixamorig_Hips-Matrix-animation-input">
        <float_array id="mixamorig_Hips-Matrix-animation-input-array" count="17">

0.000000 0.033333 0.066667 0.100000 0.133333 0.166667 0.200000 0.233333 0.266667 0.300000 0.333333 0.366667 0.400000 0.433333 0.466667 0.500000
0.533333</float_array>
        <technique_common>
          <accessor source="#mixamorig_Hips-Matrix-animation-input-array" count="17">
            <param name="TIME" type="float"/>
          </accessor>
        </technique_common>
      </source>
      <source id="mixamorig_Hips-Matrix-animation-output-transform">
        <float_array id="mixamorig_Hips-Matrix-animation-output-transform-array" count="272">

0.929682 -0.058557 -0.363680 -0.004178 0.080508 0.995716 0.045482 87.267433 0.359459 -0.071563 0.930413 0.032045 0.000000 0.000000 0.000000 1.000000
0.944356 -0.056303 -0.324070 -0.264534 0.086121 0.993195 0.078407 88.617523 0.317450 -0.101954 0.942778 0.999473 0.000000 0.000000 0.000000 1.000000
0.940632 -0.055098 -0.334927 -0.445104 0.084401 0.993713 0.073564 90.165718 0.328768 -0.097465 0.939368 2.109319 0.000000 0.000000 0.000000 1.000000
0.915335 -0.054772 -0.398950 -0.426063 0.069940 0.997273 0.023552 91.497528 0.396572 -0.049461 0.916670 2.953265 0.000000 0.000000 0.000000 1.000000
0.880820 -0.056467 -0.470073 -0.010682 0.044026 0.998329 -0.037427 92.234505 0.471401 0.012270 0.881834 2.739043 0.000000 0.000000 0.000000 1.000000
0.858300 -0.032355 -0.512127 0.802876 0.014387 0.999135 -0.039011 92.204483 0.512946 0.026115 0.858023 1.880620 0.000000 0.000000 0.000000 1.000000
0.836977 -0.003416 -0.547227 1.353339 -0.007914 0.999800 -0.018345 90.871086 0.547181 0.019685 0.836783 1.393106 0.000000 0.000000 0.000000 1.000000
0.809794 0.020081 -0.586371 1.660969 -0.023355 0.999725 0.001983 89.061218 0.586249 0.012089 0.810040 1.781807 0.000000 0.000000 0.000000 1.000000
0.775112 -0.005035 -0.631804 1.732998 0.004708 0.999987 -0.002193 87.323906 0.631806 -0.001275 0.775125 1.777137 0.000000 0.000000 0.000000 1.000000
0.767970 -0.032080 -0.639682 1.536831 0.022027 0.999477 -0.023679 86.795898 0.640107 0.004094 0.768275 1.619736 0.000000 0.000000 0.000000 1.000000
0.802217 -0.042637 -0.595508 1.155238 0.032308 0.999085 -0.028010 88.044983 0.596158 0.003230 0.802861 1.175092 0.000000 0.000000 0.000000 1.000000
0.844755 -0.081599 -0.528895 0.798627 0.066205 0.996650 -0.048022 89.435455 0.531042 0.005551 0.847327 0.430442 0.000000 0.000000 0.000000 1.000000
0.871885 -0.125125 -0.473456 0.442137 0.108573 0.992137 -0.062262 89.977585 0.477524 0.002880 0.878614 0.002824 0.000000 0.000000 0.000000 1.000000
0.885231 -0.154234 -0.438837 0.342631 0.140917 0.988016 -0.062989 89.533920 0.443293 -0.006080 0.896356 -0.635708 0.000000 0.000000 0.000000 1.000000
0.895938 -0.147618 -0.418933 0.261668 0.149535 0.988347 -0.028461 88.674065 0.418252 -0.037146 0.907571 -1.077452 0.000000 0.000000 0.000000 1.000000
0.913161 -0.108685 -0.392842 0.135119 0.121566 0.992551 0.007978 87.967880 0.389048 -0.055042 0.919572 -0.648288 0.000000 0.000000 0.000000 1.000000
0.929681 -0.058557 -0.363680 -0.002646 0.080508 0.995716 0.045482 87.267441 0.359459 -0.071563 0.930413 0.032045 0.000000 0.000000 0.000000 1.000000</float_array>
        <technique_common>
          <accessor source="#mixamorig_Hips-Matrix-animation-output-transform-array" count="17" stride="16">
            <param type="float4x4"/>
          </accessor>
        </technique_common>
      </source>
      <source id="mixamorig_Hips-Interpolations">
        <Name_array id="mixamorig_Hips-Interpolations-array" count="17">
 LINEAR LINEAR LINEAR LINEAR LINEAR LINEAR LINEAR LINEAR LINEAR LINEAR LINEAR
LINEAR LINEAR LINEAR LINEAR LINEAR LINEAR</Name_array>
        <technique_common>
          <accessor source="#mixamorig_Hips-Interpolations-array" count="17">
            <param type="name"/>
          </accessor>
        </technique_common>
      </source>
      <sampler id="mixamorig_Hips-Matrix-animation-transform">
        <input semantic="INPUT" source="#mixamorig_Hips-Matrix-animation-input"/>
        <input semantic="OUTPUT" source="#mixamorig_Hips-Matrix-animation-output-transform"/>
        <input semantic="INTERPOLATION" source="#mixamorig_Hips-Interpolations"/>
      </sampler>
      <channel source="#mixamorig_Hips-Matrix-animation-transform" target="mixamorig_Hips/matrix"/>
    </animation>
    <animation id="mixamorig_Spine-anim" name="mixamorig_Spine">
      <source id="mixamorig_Spine-Matrix-animation-input">
        <float_array id="mixamorig_Spine-Matrix-animation-input-array" count="17">

0.000000 0.033333 0.066667 0.100000 0.133333 0.166667 0.200000 0.233333 0.266667 0.300000 0.333333 0.366667 0.400000 0.433333 0.466667 0.500000
0.533333</float_array>
        <technique_common>
          <accessor source="#mixamorig_Spine-Matrix-animation-input-array" count="17">
            <param name="TIME" type="float"/>
          </accessor>
        </technique_common>
      </source>
      <source id="mixamorig_Spine-Matrix-animation-output-transform">
        <float_array id="mixamorig_Spine-Matrix-animation-output-transform-array" count="272">

0.995497 -0.058781 -0.074371 0.017300 0.035292 0.957953 -0.284747 10.574800 0.087981 0.280840 0.955714 -1.117200 0.000000 0.000000 0.000000 1.000000
0.986627 -0.060456 -0.151365 0.017300 0.011735 0.952604 -0.303987 10.574800 0.162569 0.298146 0.940575 -1.117200 0.000000 0.000000 0.000000 1.000000
0.976498 -0.053549 -0.208768 0.017300 -0.007016 0.960233 -0.279113 10.574800 0.215412 0.274018 0.937290 -1.117200 0.000000 0.000000 0.000000 1.000000
0.975138 -0.045778 -0.216818 0.017300 -0.002745 0.975859 -0.218386 10.574800 0.221581 0.213551 0.951471 -1.117200 0.000000 0.000000 0.000000 1.000000
0.977858 -0.046554 -0.204025 0.017300 0.009853 0.984103 -0.177324 10.574800 0.209036 0.171387 0.962772 -1.117200 0.000000 0.000000 0.000000 1.000000
0.981656 -0.060576 -0.180784 0.017300 0.024163 0.980067 -0.197193 10.574800 0.189125 0.189208 0.963552 -1.117200 0.000000 0.000000 0.000000 1.000000
0.990314 -0.058753 -0.125803 0.017300 0.030733 0.976340 -0.214044 10.574800 0.135402 0.208104 0.968689 -1.117200 0.000000 0.000000 0.000000 1.000000
0.998138 -0.046165 -0.039859 0.017300 0.036294 0.974791 -0.220150 10.574800 0.049017 0.218293 0.974651 -1.117200 0.000000 0.000000 0.000000 1.000000
0.999115 0.005424 0.041705 0.017300 0.003033 0.979775 -0.200077 10.574800 -0.041947 0.200027 0.978892 -1.117200 0.000000 0.000000 0.000000 1.000000
0.994588 0.026192 0.100545 0.017300 -0.008722 0.985336 -0.170399 10.574800 -0.103534 0.168600 0.980232 -1.117200 0.000000 0.000000 0.000000 1.000000
0.991019 0.027681 0.130826 0.017300 -0.004018 0.984064 -0.177771 10.574800 -0.133662 0.175649 0.975337 -1.117200 0.000000 0.000000 0.000000 1.000000
0.989362 0.039640 0.139969 0.017300 -0.014870 0.984676 -0.173760 10.574800 -0.144712 0.169830 0.974790 -1.117200 0.000000 0.000000 0.000000 1.000000
0.988327 0.056137 0.141631 0.017300 -0.033387 0.986848 -0.158167 10.574800 -0.148647 0.151592 0.977202 -1.117200 0.000000 0.000000 0.000000 1.000000
0.992219 0.051113 0.113525 0.017300 -0.034047 0.988480 -0.147471 10.574800 -0.119755 0.142458 0.982530 -1.117200 0.000000 0.000000 0.000000 1.000000
0.996454 0.046180 0.070339 0.017300 -0.030922 0.978417 -0.204311 10.574800 -0.078256 0.201412 0.976376 -1.117200 0.000000 0.000000 0.000000 1.000000
0.999998 0.001457 0.001468 0.017300 -0.001050 0.969024 -0.246964 10.574800 -0.001782 0.246962 0.969023 -1.117200 0.000000 0.000000 0.000000 1.000000
0.995497 -0.058781 -0.074371 0.017300 0.035292 0.957953 -0.284747 10.574800 0.087981 0.280840 0.955714 -1.117200 0.000000 0.000000 0.000000 1.000000</float_array>
        <technique_common>
          <accessor source="#mixamorig_Spine-Matrix-animation-output-transform-array" count="17" stride="16">
            <param type="float4x4"/>
          </accessor>
        </technique_common>
      </source>
      <source id="mixamorig_Spine-Interpolations">
        <Name_array id="mixamorig_Spine-Interpolations-array" count="17">
 LINEAR LINEAR LINEAR LINEAR LINEAR LINEAR LINEAR LINEAR LINEAR LINEAR LINEAR
LINEAR LINEAR LINEAR LINEAR LINEAR LINEAR</Name_array>
        <technique_common>
          <accessor source="#mixamorig_Spine-Interpolations-array" count="17">
            <param type="name"/>
          </accessor>
        </technique_common>
      </source>
      <sampler id="mixamorig_Spine-Matrix-animation-transform">
        <input semantic="INPUT" source="#mixamorig_Spine-Matrix-animation-input"/>
        <input semantic="OUTPUT" source="#mixamorig_Spine-Matrix-animation-output-transform"/>
        <input semantic="INTERPOLATION" source="#mixamorig_Spine-Interpolations"/>
      </sampler>
      <channel source="#mixamorig_Spine-Matrix-animation-transform" target="mixamorig_Spine/matrix"/>
    </animation>
    <animation id="mixamorig_Spine1-anim" name="mixamorig_Spine1">
      <source id="mixamorig_Spine1-Matrix-animation-input">
        <float_array id="mixamorig_Spine1-Matrix-animation-input-array" count="17">

0.000000 0.033333 0.066667 0.100000 0.133333 0.166667 0.200000 0.233333 0.266667 0.300000 0.333333 0.366667 0.400000 0.433333 0.466667 0.500000
0.533333</float_array>
        <technique_common>
          <accessor source="#mixamorig_Spine1-Matrix-animation-input-array" count="17">
            <param name="TIME" type="float"/>
          </accessor>
        </technique_common>
      </source>
      <source id="mixamorig_Spine1-Matrix-animation-output-transform">
        <float_array id="mixamorig_Spine1-Matrix-animation-output-transform-array" count="272">

0.999740 0.009665 -0.020634 -0.000000 -0.009977 0.999837 -0.015070 12.406000 0.020485 0.015272 0.999674 0.000000 0.000000 0.000000 0.000000 1.000000
0.999059 0.015355 -0.040560 -0.000000 -0.015601 0.999862 -0.005748 12.406000 0.040467 0.006375 0.999161 0.000000 0.000000 0.000000 0.000000 1.000000
0.998263 0.021447 -0.054864 -0.000000 -0.021645 0.999761 -0.003017 12.406000 0.054786 0.004200 0.998489 0.000000 0.000000 0.000000 0.000000 1.000000
0.998112 0.022151 -0.057280 0.000000 -0.022633 0.999714 -0.007778 12.406000 0.057091 0.009059 0.998328 -0.000000 0.000000 0.000000 0.000000 1.000000
0.998328 0.016581 -0.055381 0.000000 -0.017168 0.999801 -0.010150 12.406000 0.055201 0.011084 0.998414 0.000000 0.000000 0.000000 0.000000 1.000000
0.998673 0.010735 -0.050372 0.000000 -0.011722 0.999744 -0.019339 12.406000 0.050151 0.019904 0.998543 -0.000000 0.000000 0.000000 0.000000 1.000000
0.999337 0.008661 -0.035353 -0.000000 -0.009360 0.999763 -0.019645 12.406000 0.035175 0.019963 0.999182 -0.000000 0.000000 0.000000 0.000000 1.000000
0.999918 0.002868 -0.012461 -0.000000 -0.003060 0.999878 -0.015348 12.406000 0.012416 0.015385 0.999805 0.000000 0.000000 0.000000 0.000000 1.000000
0.999918 0.003507 0.012317 0.000000 -0.003366 0.999928 -0.011491 12.406000 -0.012357 0.011449 0.999858 0.000000 0.000000 0.000000 0.000000 1.000000
0.999587 -0.000149 0.028731 0.000000 0.000224 0.999997 -0.002608 12.406000 -0.028731 0.002614 0.999584 0.000000 0.000000 0.000000 0.000000 1.000000
0.999329 -0.005143 0.036266 -0.000000 0.005303 0.999977 -0.004295 12.406000 -0.036243 0.004485 0.999333 0.000000 0.000000 0.000000 0.000000 1.000000
0.999205 -0.003244 0.039747 -0.000000 0.003789 0.999900 -0.013641 12.406000 -0.039698 0.013781 0.999117 0.000000 0.000000 0.000000 0.000000 1.000000
0.999143 0.000616 0.041391 0.000000 0.000291 0.999760 -0.021909 12.406000 -0.041395 0.021903 0.998903 0.000000 0.000000 0.000000 0.000000 1.000000
0.999348 0.009645 0.034801 0.000000 -0.008802 0.999666 -0.024292 12.406000 -0.035023 0.023970 0.999099 -0.000000 0.000000 0.000000 0.000000 1.000000
0.999677 0.009731 0.023476 0.000000 -0.009081 0.999576 -0.027658 12.406000 -0.023736 0.027436 0.999342 0.000000 0.000000 0.000000 0.000000 1.000000
0.999948 0.009829 0.002854 0.000000 -0.009761 0.999694 -0.022731 12.406000 -0.003077 0.022702 0.999738 0.000000 0.000000 0.000000 0.000000 1.000000
0.999739 0.009829 -0.020634 0.000000 -0.010141 0.999835 -0.015067 12.406000 0.020482 0.015272 0.999674 0.000000 0.000000 0.000000 0.000000 1.000000</float_array>
        <technique_common>
          <accessor source="#mixamorig_Spine1-Matrix-animation-output-transform-array" count="17" stride="16">
            <param type="float4x4"/>
          </accessor>
        </technique_common>
      </source>
      <source id="mixamorig_Spine1-Interpolations">
        <Name_array id="mixamorig_Spine1-Interpolations-array" count="17">
 LINEAR LINEAR LINEAR LINEAR LINEAR LINEAR LINEAR LINEAR LINEAR LINEAR LINEAR
LINEAR LINEAR LINEAR LINEAR LINEAR LINEAR</Name_array>
        <technique_common>
          <accessor source="#mixamorig_Spine1-Interpolations-array" count="17">
            <param type="name"/>
          </accessor>
        </technique_common>
      </source>
      <sampler id="mixamorig_Spine1-Matrix-animation-transform">
        <input semantic="INPUT" source="#mixamorig_Spine1-Matrix-animation-input"/>
        <input semantic="OUTPUT" source="#mixamorig_Spine1-Matrix-animation-output-transform"/>
        <input semantic="INTERPOLATION" source="#mixamorig_Spine1-Interpolations"/>
      </sampler>
      <channel source="#mixamorig_Spine1-Matrix-animation-transform" target="mixamorig_Spine1/matrix"/>
    </animation>
    <animation id="mixamorig_Spine2-anim" name="mixamorig_Spine2">
      <source id="mixamorig_Spine2-Matrix-animation-input">
        <float_array id="mixamorig_Spine2-Matrix-animation-input-array" count="17">

0.000000 0.033333 0.066667 0.100000 0.133333 0.166667 0.200000 0.233333 0.266667 0.300000 0.333333 0.366667 0.400000 0.433333 0.466667 0.500000
0.533333</float_array>
        <technique_common>
          <accessor source="#mixamorig_Spine2-Matrix-animation-input-array" count="17">
            <param name="TIME" type="float"/>
          </accessor>
        </technique_common>
      </source>
      <source id="mixamorig_Spine2-Matrix-animation-output-transform">
        <float_array id="mixamorig_Spine2-Matrix-animation-output-transform-array" count="272">

0.999768 0.005479 -0.020835 0.000000 -0.007944 0.992729 -0.120107 14.178300 0.020025 0.120244 0.992542 0.000000 0.000000 0.000000 0.000000 1.000000
0.999110 0.008789 -0.041243 0.000000 -0.013322 0.993737 -0.110948 14.178300 0.040010 0.111399 0.992970 0.000000 0.000000 0.000000 0.000000 1.000000
0.998346 0.013265 -0.055946 -0.000000 -0.019281 0.993919 -0.108413 14.178300 0.054168 0.109312 0.992530 0.000000 0.000000 0.000000 0.000000 1.000000
0.998197 0.013855 -0.058399 -0.000000 -0.020408 0.993368 -0.113156 14.178300 0.056444 0.114144 0.991859 0.000000 0.000000 0.000000 0.000000 1.000000
0.998390 0.008311 -0.056107 -0.000000 -0.014756 0.993203 -0.115458 14.178300 0.054766 0.116100 0.991727 0.000000 0.000000 0.000000 0.000000 1.000000
0.998714 0.002756 -0.050623 0.000000 -0.009043 0.992192 -0.124389 14.178300 0.049885 0.124687 0.990941 0.000000 0.000000 0.000000 0.000000 1.000000
0.999366 0.002565 -0.035517 0.000000 -0.006976 0.992181 -0.124611 14.178300 0.034919 0.124779 0.991570 0.000000 0.000000 0.000000 0.000000 1.000000
0.999923 -0.000273 -0.012370 0.000000 -0.001218 0.992735 -0.120313 14.178300 0.012313 0.120319 0.992659 0.000000 0.000000 0.000000 0.000000 1.000000
0.999919 0.003424 0.012288 0.000000 -0.001969 0.993187 -0.116512 14.178300 -0.012603 0.116479 0.993113 -0.000000 0.000000 0.000000 0.000000 1.000000
0.999580 0.001506 0.028954 -0.000000 0.001621 0.994182 -0.107703 14.178300 -0.028948 0.107705 0.993761 -0.000000 0.000000 0.000000 0.000000 1.000000
0.999319 -0.002605 0.036818 -0.000000 0.006625 0.993967 -0.109478 14.178300 -0.036311 0.109647 0.993307 0.000000 0.000000 0.000000 0.000000 1.000000
0.999196 -0.000099 0.040102 -0.000000 0.004863 0.992916 -0.118723 14.178300 -0.039806 0.118822 0.992117 -0.000000 0.000000 0.000000 0.000000 1.000000
0.999135 0.004130 0.041372 -0.000000 0.001150 0.991928 -0.126800 14.178300 -0.041562 0.126738 0.991065 -0.000000 0.000000 0.000000 0.000000 1.000000
0.999339 0.012411 0.034164 0.000000 -0.007908 0.991624 -0.128915 14.178300 -0.035478 0.128560 0.991067 0.000000 0.000000 0.000000 0.000000 1.000000
0.999673 0.011218 0.023001 0.000000 -0.008079 0.991175 -0.132313 14.178300 -0.024282 0.132084 0.990941 0.000000 0.000000 0.000000 0.000000 1.000000
0.999959 0.008668 0.002515 0.000000 -0.008277 0.991798 -0.127544 14.178300 -0.003600 0.127518 0.991830 -0.000000 0.000000 0.000000 0.000000 1.000000
0.999768 0.005479 -0.020835 0.000000 -0.007944 0.992729 -0.120107 14.178300 0.020025 0.120244 0.992542 0.000000 0.000000 0.000000 0.000000 1.000000</float_array>
        <technique_common>
          <accessor source="#mixamorig_Spine2-Matrix-animation-output-transform-array" count="17" stride="16">
            <param type="float4x4"/>
          </accessor>
        </technique_common>
      </source>
      <source id="mixamorig_Spine2-Interpolations">
        <Name_array id="mixamorig_Spine2-Interpolations-array" count="17">
 LINEAR LINEAR LINEAR LINEAR LINEAR LINEAR LINEAR LINEAR LINEAR LINEAR LINEAR
LINEAR LINEAR LINEAR LINEAR LINEAR LINEAR</Name_array>
        <technique_common>
          <accessor source="#mixamorig_Spine2-Interpolations-array" count="17">
            <param type="name"/>
          </accessor>
        </technique_common>
      </source>
      <sampler id="mixamorig_Spine2-Matrix-animation-transform">
        <input semantic="INPUT" source="#mixamorig_Spine2-Matrix-animation-input"/>
        <input semantic="OUTPUT" source="#mixamorig_Spine2-Matrix-animation-output-transform"/>
        <input semantic="INTERPOLATION" source="#mixamorig_Spine2-Interpolations"/>
      </sampler>
      <channel source="#mixamorig_Spine2-Matrix-animation-transform" target="mixamorig_Spine2/matrix"/>
    </animation>
    <animation id="mixamorig_Neck-anim" name="mixamorig_Neck">
      <source id="mixamorig_Neck-Matrix-animation-input">
        <float_array id="mixamorig_Neck-Matrix-animation-input-array" count="17">

0.000000 0.033333 0.066667 0.100000 0.133333 0.166667 0.200000 0.233333 0.266667 0.300000 0.333333 0.366667 0.400000 0.433333 0.466667 0.500000
0.533333</float_array>
        <technique_common>
          <accessor source="#mixamorig_Neck-Matrix-animation-input-array" count="17">
            <param name="TIME" type="float"/>
          </accessor>
        </technique_common>
      </source>
      <source id="mixamorig_Neck-Matrix-animation-output-transform">
        <float_array id="mixamorig_Neck-Matrix-animation-output-transform-array" count="272">

0.997359 0.069141 0.022260 0.024400 -0.069672 0.997280 0.024062 15.862300 -0.020536 -0.025549 0.999463 -1.675800 0.000000 0.000000 0.000000 1.000000
0.994906 0.091377 0.042574 0.024400 -0.091098 0.995806 -0.008447 15.862300 -0.043167 0.004525 0.999058 -1.675800 0.000000 0.000000 0.000000 1.000000
0.993529 0.093310 0.064760 0.024400 -0.092438 0.995584 -0.016339 15.862300 -0.065998 0.010247 0.997767 -1.675800 0.000000 0.000000 0.000000 1.000000
0.992161 0.089397 0.087320 0.024400 -0.090768 0.995802 0.011851 15.862300 -0.085894 -0.019684 0.996110 -1.675800 0.000000 0.000000 0.000000 1.000000
0.990142 0.090982 0.106494 0.024400 -0.098003 0.993212 0.062655 15.862300 -0.100071 -0.072474 0.992337 -1.675800 0.000000 0.000000 0.000000 1.000000
0.988447 0.098350 0.115322 0.024400 -0.109259 0.989707 0.092428 15.862300 -0.105045 -0.103960 0.989019 -1.675800 0.000000 0.000000 0.000000 1.000000
0.992137 0.075908 0.099514 0.024400 -0.083599 0.993633 0.075535 15.862300 -0.093147 -0.083261 0.992165 -1.675800 0.000000 0.000000 0.000000 1.000000
0.995277 0.061727 0.074920 0.024400 -0.065372 0.996743 0.047215 15.862300 -0.071762 -0.051890 0.996071 -1.675800 0.000000 0.000000 0.000000 1.000000
0.998159 0.036321 0.048564 0.024400 -0.038895 0.997828 0.053161 15.862300 -0.046528 -0.054952 0.997404 -1.675800 0.000000 0.000000 0.000000 1.000000
0.998884 0.040061 0.025019 0.024400 -0.041003 0.998422 0.038364 15.862300 -0.023442 -0.039347 0.998951 -1.675800 0.000000 0.000000 0.000000 1.000000
0.998772 0.048967 0.007552 0.024400 -0.049262 0.997743 0.045628 15.862300 -0.005301 -0.045944 0.998930 -1.675800 0.000000 0.000000 0.000000 1.000000
0.998101 0.060902 -0.009216 0.024400 -0.060241 0.996371 0.060128 15.862300 0.012845 -0.059459 0.998148 -1.675800 0.000000 0.000000 0.000000 1.000000
0.996431 0.080132 -0.026518 0.024400 -0.078507 0.995253 0.057511 15.862300 0.031001 -0.055223 0.997993 -1.675800 0.000000 0.000000 0.000000 1.000000
0.997299 0.067239 -0.029546 0.024400 -0.064804 0.994938 0.076800 15.862300 0.034561 -0.074678 0.996609 -1.675800 0.000000 0.000000 0.000000 1.000000
0.996929 0.076172 -0.018157 0.024400 -0.074423 0.993783 0.082809 15.862300 0.024351 -0.081204 0.996400 -1.675800 0.000000 0.000000 0.000000 1.000000
0.997002 0.077363 0.001483 0.024400 -0.077300 0.994976 0.063617 15.862300 0.003446 -0.063541 0.997973 -1.675800 0.000000 0.000000 0.000000 1.000000
0.997359 0.069140 0.022260 0.024400 -0.069672 0.997280 0.024062 15.862300 -0.020536 -0.025549 0.999463 -1.675800 0.000000 0.000000 0.000000 1.000000</float_array>
        <technique_common>
          <accessor source="#mixamorig_Neck-Matrix-animation-output-transform-array" count="17" stride="16">
            <param type="float4x4"/>
          </accessor>
        </technique_common>
      </source>
      <source id="mixamorig_Neck-Interpolations">
        <Name_array id="mixamorig_Neck-Interpolations-array" count="17">
 LINEAR LINEAR LINEAR LINEAR LINEAR LINEAR LINEAR LINEAR LINEAR LINEAR LINEAR
LINEAR LINEAR LINEAR LINEAR LINEAR LINEAR</Name_array>
        <technique_common>
          <accessor source="#mixamorig_Neck-Interpolations-array" count="17">
            <param type="name"/>
          </accessor>
        </technique_common>
      </source>
      <sampler id="mixamorig_Neck-Matrix-animation-transform">
        <input semantic="INPUT" source="#mixamorig_Neck-Matrix-animation-input"/>
        <input semantic="OUTPUT" source="#mixamorig_Neck-Matrix-animation-output-transform"/>
        <input semantic="INTERPOLATION" source="#mixamorig_Neck-Interpolations"/>
      </sampler>
      <channel source="#mixamorig_Neck-Matrix-animation-transform" target="mixamorig_Neck/matrix"/>
    </animation>
    <animation id="mixamorig_Head-anim" name="mixamorig_Head">
      <source id="mixamorig_Head-Matrix-animation-input">
        <float_array id="mixamorig_Head-Matrix-animation-input-array" count="17">

0.000000 0.033333 0.066667 0.100000 0.133333 0.166667 0.200000 0.233333 0.266667 0.300000 0.333333 0.366667 0.400000 0.433333 0.466667 0.500000
0.533333</float_array>
        <technique_common>
          <accessor source="#mixamorig_Head-Matrix-animation-input-array" count="17">
            <param name="TIME" type="float"/>
          </accessor>
        </technique_common>
      </source>
      <source id="mixamorig_Head-Matrix-animation-output-transform">
        <float_array id="mixamorig_Head-Matrix-animation-output-transform-array" count="272">

0.961514 0.098238 0.256592 0.000000 -0.117709 0.991134 0.061623 5.564000 -0.248263 -0.089454 0.964553 0.988100 0.000000 0.000000 0.000000 1.000000
0.954742 0.074290 0.288008 0.000000 -0.095740 0.993529 0.061102 5.564000 -0.281605 -0.085910 0.955677 0.988100 0.000000 0.000000 0.000000 1.000000
0.938385 0.066289 0.339176 0.000000 -0.085678 0.995416 0.042494 5.564000 -0.334804 -0.068936 0.939763 0.988100 0.000000 0.000000 0.000000 1.000000
0.916533 0.062317 0.395074 0.000000 -0.078598 0.996589 0.025144 5.564000 -0.392159 -0.054097 0.918305 0.988100 0.000000 0.000000 0.000000 1.000000
0.897652 0.053772 0.437412 -0.000000 -0.074907 0.996702 0.031197 5.564000 -0.434292 -0.060769 0.898720 0.988100 0.000000 0.000000 0.000000 1.000000
0.890129 0.048317 0.453140 0.000000 -0.077024 0.996009 0.045102 5.564000 -0.449152 -0.075049 0.890298 0.988100 0.000000 0.000000 0.000000 1.000000
0.898359 0.050244 0.436380 -0.000000 -0.067250 0.997457 0.023599 5.564000 -0.434085 -0.050547 0.899453 0.988100 0.000000 0.000000 0.000000 1.000000
0.917550 0.048056 0.394706 0.000000 -0.065057 0.997437 0.029796 5.564000 -0.392262 -0.053018 0.918324 0.988100 0.000000 0.000000 0.000000 1.000000
0.932894 0.067081 0.353849 -0.000000 -0.083809 0.995963 0.032144 5.564000 -0.350264 -0.059642 0.934750 0.988100 0.000000 0.000000 0.000000 1.000000
0.953474 0.071984 0.292754 -0.000000 -0.080941 0.996546 0.018580 5.564000 -0.290405 -0.041412 0.956007 0.988100 0.000000 0.000000 0.000000 1.000000
0.966281 0.089215 0.241539 -0.000000 -0.097973 0.994888 0.024469 5.564000 -0.238122 -0.047309 0.970082 0.988100 0.000000 0.000000 0.000000 1.000000
0.978076 0.093367 0.186145 0.000000 -0.102476 0.993935 0.039908 5.564000 -0.181290 -0.058108 0.981712 0.988100 0.000000 0.000000 0.000000 1.000000
0.989835 0.076381 0.119971 0.000000 -0.082938 0.995267 0.050638 5.564000 -0.115536 -0.060073 0.991485 0.988100 0.000000 0.000000 0.000000 1.000000
0.989651 0.080677 0.118670 -0.000000 -0.084106 0.996164 0.024163 5.564000 -0.116266 -0.033894 0.992640 0.988100 0.000000 0.000000 0.000000 1.000000
0.987195 0.079962 0.138030 -0.000000 -0.084299 0.996105 0.025860 5.564000 -0.135424 -0.037165 0.990090 0.988100 0.000000 0.000000 0.000000 1.000000
0.978549 0.076567 0.191255 0.000000 -0.089661 0.994117 0.060760 5.564000 -0.185478 -0.076605 0.979658 0.988100 0.000000 0.000000 0.000000 1.000000
0.961514 0.098238 0.256592 0.000000 -0.117709 0.991134 0.061623 5.564000 -0.248263 -0.089454 0.964553 0.988100 0.000000 0.000000 0.000000 1.000000</float_array>
        <technique_common>
          <accessor source="#mixamorig_Head-Matrix-animation-output-transform-array" count="17" stride="16">
            <param type="float4x4"/>
          </accessor>
        </technique_common>
      </source>
      <source id="mixamorig_Head-Interpolations">
        <Name_array id="mixamorig_Head-Interpolations-array" count="17">
 LINEAR LINEAR LINEAR LINEAR LINEAR LINEAR LINEAR LINEAR LINEAR LINEAR LINEAR
LINEAR LINEAR LINEAR LINEAR LINEAR LINEAR</Name_array>
        <technique_common>
          <accessor source="#mixamorig_Head-Interpolations-array" count="17">
            <param type="name"/>
          </accessor>
        </technique_common>
      </source>
      <sampler id="mixamorig_Head-Matrix-animation-transform">
        <input semantic="INPUT" source="#mixamorig_Head-Matrix-animation-input"/>
        <input semantic="OUTPUT" source="#mixamorig_Head-Matrix-animation-output-transform"/>
        <input semantic="INTERPOLATION" source="#mixamorig_Head-Interpolations"/>
      </sampler>
      <channel source="#mixamorig_Head-Matrix-animation-transform" target="mixamorig_Head/matrix"/>
    </animation>
    <animation id="mixamorig_LeftShoulder-anim" name="mixamorig_LeftShoulder">
      <source id="mixamorig_LeftShoulder-Matrix-animation-input">
        <float_array id="mixamorig_LeftShoulder-Matrix-animation-input-array" count="17">

0.000000 0.033333 0.066667 0.100000 0.133333 0.166667 0.200000 0.233333 0.266667 0.300000 0.333333 0.366667 0.400000 0.433333 0.466667 0.500000
0.533333</float_array>
        <technique_common>
          <accessor source="#mixamorig_LeftShoulder-Matrix-animation-input-array" count="17">
            <param name="TIME" type="float"/>
          </accessor>
        </technique_common>
      </source>
      <source id="mixamorig_LeftShoulder-Matrix-animation-output-transform">
        <float_array id="mixamorig_LeftShoulder-Matrix-animation-output-transform-array" count="272">

0.247471 0.960743 -0.125422 5.935000 -0.018695 -0.124690 -0.992020 13.670200 -0.968715 0.247841 -0.012896 -1.662600 0.000000 0.000000 0.000000 1.000000
0.262392 0.956276 -0.129177 5.935000 -0.017287 -0.129188 -0.991469 13.670200 -0.964807 0.262386 -0.017367 -1.662600 0.000000 0.000000 0.000000 1.000000
0.269143 0.953469 -0.135865 5.935000 -0.017283 -0.136266 -0.990521 13.670200 -0.962945 0.268940 -0.020196 -1.662600 0.000000 0.000000 0.000000 1.000000
0.248598 0.956862 -0.150381 5.935000 -0.020666 -0.149980 -0.988473 13.670200 -0.968386 0.248841 -0.017510 -1.662600 0.000000 0.000000 0.000000 1.000000
0.226666 0.957349 -0.179178 5.935000 -0.026083 -0.177934 -0.983697 13.670200 -0.973623 0.227644 -0.015361 -1.662600 0.000000 0.000000 0.000000 1.000000
0.210457 0.953567 -0.215448 5.935000 -0.031645 -0.213623 -0.976403 13.670200 -0.977091 0.212308 -0.014782 -1.662600 0.000000 0.000000 0.000000 1.000000
0.202146 0.952456 -0.227956 5.935000 -0.033440 -0.225913 -0.973573 13.670200 -0.978784 0.204427 -0.013817 -1.662600 0.000000 0.000000 0.000000 1.000000
0.196536 0.952788 -0.231449 5.935000 -0.034115 -0.229265 -0.972766 13.670200 -0.979903 0.199079 -0.012555 -1.662600 0.000000 0.000000 0.000000 1.000000
0.185296 0.953245 -0.238723 5.935000 -0.035220 -0.236332 -0.971034 13.670200 -0.982051 0.188337 -0.010218 -1.662600 0.000000 0.000000 0.000000 1.000000
0.166524 0.953675 -0.250549 5.935000 -0.036591 -0.247945 -0.968083 13.670200 -0.985358 0.170376 -0.006393 -1.662600 0.000000 0.000000 0.000000 1.000000
0.151899 0.954360 -0.257145 5.935000 -0.037269 -0.254448 -0.966368 13.670200 -0.987693 0.156374 -0.003083 -1.662600 0.000000 0.000000 0.000000 1.000000
0.152531 0.956139 -0.250065 5.935000 -0.037073 -0.247312 -0.968226 13.670200 -0.987603 0.156955 -0.002275 -1.662600 0.000000 0.000000 0.000000 1.000000
0.164356 0.958585 -0.232598 5.935000 -0.035995 -0.229819 -0.972567 13.670200 -0.985744 0.168220 -0.003268 -1.662600 0.000000 0.000000 0.000000 1.000000
0.183004 0.960760 -0.208447 5.935000 -0.033641 -0.205784 -0.978019 13.670200 -0.982536 0.185994 -0.005338 -1.662600 0.000000 0.000000 0.000000 1.000000
0.205216 0.961928 -0.180502 5.935000 -0.029736 -0.178214 -0.983542 13.670200 -0.978265 0.207206 -0.007968 -1.662600 0.000000 0.000000 0.000000 1.000000
0.227753 0.961817 -0.151776 5.935000 -0.024485 -0.150167 -0.988357 13.670200 -0.973411 0.228818 -0.010651 -1.662600 0.000000 0.000000 0.000000 1.000000
0.247472 0.960743 -0.125422 5.935000 -0.018695 -0.124690 -0.992020 13.670200 -0.968715 0.247841 -0.012896 -1.662600 0.000000 0.000000 0.000000 1.000000</float_array>
        <technique_common>
          <accessor source="#mixamorig_LeftShoulder-Matrix-animation-output-transform-array" count="17" stride="16">
            <param type="float4x4"/>
          </accessor>
        </technique_common>
      </source>
      <source id="mixamorig_LeftShoulder-Interpolations">
        <Name_array id="mixamorig_LeftShoulder-Interpolations-array" count="17">
 LINEAR LINEAR LINEAR LINEAR LINEAR LINEAR LINEAR LINEAR LINEAR LINEAR LINEAR
LINEAR LINEAR LINEAR LINEAR LINEAR LINEAR</Name_array>
        <technique_common>
          <accessor source="#mixamorig_LeftShoulder-Interpolations-array" count="17">
            <param type="name"/>
          </accessor>
        </technique_common>
      </source>
      <sampler id="mixamorig_LeftShoulder-Matrix-animation-transform">
        <input semantic="INPUT" source="#mixamorig_LeftShoulder-Matrix-animation-input"/>
        <input semantic="OUTPUT" source="#mixamorig_LeftShoulder-Matrix-animation-output-transform"/>
        <input semantic="INTERPOLATION" source="#mixamorig_LeftShoulder-Interpolations"/>
      </sampler>
      <channel source="#mixamorig_LeftShoulder-Matrix-animation-transform" target="mixamorig_LeftShoulder/matrix"/>
    </animation>
    <animation id="mixamorig_LeftArm-anim" name="mixamorig_LeftArm">
      <source id="mixamorig_LeftArm-Matrix-animation-input">
        <float_array id="mixamorig_LeftArm-Matrix-animation-input-array" count="17">

0.000000 0.033333 0.066667 0.100000 0.133333 0.166667 0.200000 0.233333 0.266667 0.300000 0.333333 0.366667 0.400000 0.433333 0.466667 0.500000
0.533333</float_array>
        <technique_common>
          <accessor source="#mixamorig_LeftArm-Matrix-animation-input-array" count="17">
            <param name="TIME" type="float"/>
          </accessor>
        </technique_common>
      </source>
      <source id="mixamorig_LeftArm-Matrix-animation-output-transform">
        <float_array id="mixamorig_LeftArm-Matrix-animation-output-transform-array" count="272">

0.856085 -0.516667 -0.013194 -0.000000 0.413729 0.700377 -0.581636 12.607900 0.309753 0.492471 0.813342 0.000000 0.000000 0.000000 0.000000 1.000000
0.849457 -0.526980 -0.026744 0.000000 0.422090 0.709048 -0.564882 12.607900 0.316644 0.468554 0.824738 0.000000 0.000000 0.000000 0.000000 1.000000
0.845313 -0.533874 -0.020599 0.000000 0.440344 0.718020 -0.539021 12.607900 0.302560 0.446571 0.842040 0.000000 0.000000 0.000000 0.000000 1.000000
0.845546 -0.533223 0.026919 -0.000000 0.473312 0.725306 -0.499907 12.607900 0.247037 0.435436 0.865661 -0.000000 0.000000 0.000000 0.000000 1.000000
0.842604 -0.532277 0.081848 -0.000000 0.510285 0.740555 -0.437250 12.607900 0.172126 0.410195 0.895608 0.000000 0.000000 0.000000 0.000000 1.000000
0.835989 -0.534421 0.124566 0.000000 0.539862 0.760300 -0.361239 12.607900 0.098346 0.369240 0.924116 0.000000 0.000000 0.000000 0.000000 1.000000
0.799140 -0.579115 0.161248 -0.000000 0.597855 0.737616 -0.313834 12.607900 0.062807 0.347200 0.935686 0.000000 0.000000 0.000000 0.000000 1.000000
0.737845 -0.643205 0.204627 0.000000 0.673812 0.684156 -0.279122 12.607900 0.039536 0.343829 0.938200 0.000000 0.000000 0.000000 0.000000 1.000000
0.717304 -0.646063 0.260919 0.000000 0.696659 0.671425 -0.252697 12.607900 -0.011930 0.363032 0.931700 -0.000000 0.000000 0.000000 0.000000 1.000000
0.689526 -0.625817 0.364565 0.000000 0.716839 0.661577 -0.220133 12.607900 -0.103424 0.413122 0.904784 0.000000 0.000000 0.000000 0.000000 1.000000
0.645915 -0.611362 0.457198 0.000000 0.742998 0.641001 -0.192541 12.607900 -0.175352 0.464062 0.868273 -0.000000 0.000000 0.000000 0.000000 1.000000
0.616455 -0.621547 0.483387 0.000000 0.766216 0.614942 -0.186439 12.607900 -0.181374 0.485310 0.855323 0.000000 0.000000 0.000000 0.000000 1.000000
0.635675 -0.633726 0.440805 0.000000 0.761028 0.610205 -0.220197 12.607900 -0.129437 0.475438 0.870175 0.000000 0.000000 0.000000 0.000000 1.000000
0.681355 -0.636256 0.361847 -0.000000 0.730832 0.618719 -0.288222 12.607900 -0.040499 0.460831 0.886563 0.000000 0.000000 0.000000 0.000000 1.000000
0.736726 -0.620370 0.269026 0.000000 0.672810 0.632791 -0.383280 12.607900 0.067538 0.463375 0.883585 0.000000 0.000000 0.000000 0.000000 1.000000
0.802900 -0.582615 0.126142 0.000000 0.559467 0.663427 -0.496851 12.607900 0.205787 0.469494 0.858619 0.000000 0.000000 0.000000 0.000000 1.000000
0.856085 -0.516667 -0.013194 -0.000000 0.413730 0.700377 -0.581636 12.607900 0.309753 0.492471 0.813342 -0.000000 0.000000 0.000000 0.000000 1.000000</float_array>
        <technique_common>
          <accessor source="#mixamorig_LeftArm-Matrix-animation-output-transform-array" count="17" stride="16">
            <param type="float4x4"/>
          </accessor>
        </technique_common>
      </source>
      <source id="mixamorig_LeftArm-Interpolations">
        <Name_array id="mixamorig_LeftArm-Interpolations-array" count="17">
 LINEAR LINEAR LINEAR LINEAR LINEAR LINEAR LINEAR LINEAR LINEAR LINEAR LINEAR
LINEAR LINEAR LINEAR LINEAR LINEAR LINEAR</Name_array>
        <technique_common>
          <accessor source="#mixamorig_LeftArm-Interpolations-array" count="17">
            <param type="name"/>
          </accessor>
        </technique_common>
      </source>
      <sampler id="mixamorig_LeftArm-Matrix-animation-transform">
        <input semantic="INPUT" source="#mixamorig_LeftArm-Matrix-animation-input"/>
        <input semantic="OUTPUT" source="#mixamorig_LeftArm-Matrix-animation-output-transform"/>
        <input semantic="INTERPOLATION" source="#mixamorig_LeftArm-Interpolations"/>
      </sampler>
      <channel source="#mixamorig_LeftArm-Matrix-animation-transform" target="mixamorig_LeftArm/matrix"/>
    </animation>
    <animation id="mixamorig_LeftForeArm-anim" name="mixamorig_LeftForeArm">
      <source id="mixamorig_LeftForeArm-Matrix-animation-input">
        <float_array id="mixamorig_LeftForeArm-Matrix-animation-input-array" count="17">

0.000000 0.033333 0.066667 0.100000 0.133333 0.166667 0.200000 0.233333 0.266667 0.300000 0.333333 0.366667 0.400000 0.433333 0.466667 0.500000
0.533333</float_array>
        <technique_common>
          <accessor source="#mixamorig_LeftForeArm-Matrix-animation-input-array" count="17">
            <param name="TIME" type="float"/>
          </accessor>
        </technique_common>
      </source>
      <source id="mixamorig_LeftForeArm-Matrix-animation-output-transform">
        <float_array id="mixamorig_LeftForeArm-Matrix-animation-output-transform-array" count="272">

0.040539 -0.994209 -0.099526 0.000000 0.883157 0.082241 -0.461813 25.574301 0.467323 -0.069175 0.881376 -0.000000 0.000000 0.000000 0.000000 1.000000
0.095304 -0.984676 -0.146051 0.000000 0.860321 0.155283 -0.485525 25.574301 0.500764 -0.079379 0.861937 -0.000000 0.000000 0.000000 0.000000 1.000000
0.141896 -0.971616 -0.189282 -0.000000 0.835976 0.220024 -0.502726 25.574301 0.530103 -0.086901 0.843469 0.000000 0.000000 0.000000 0.000000 1.000000
0.114718 -0.974770 -0.191478 0.000000 0.824698 0.200908 -0.528686 25.574301 0.553817 -0.097262 0.826938 -0.000000 0.000000 0.000000 0.000000 1.000000
0.088857 -0.979667 -0.179881 0.000000 0.815835 0.175189 -0.551110 25.574301 0.571417 -0.097783 0.814813 0.000000 0.000000 0.000000 0.000000 1.000000
0.072649 -0.983821 -0.163761 0.000000 0.812743 0.153566 -0.562019 25.574301 0.578075 -0.092265 0.810751 0.000000 0.000000 0.000000 0.000000 1.000000
0.096755 -0.980877 -0.168878 0.000000 0.821542 0.174490 -0.542791 25.574301 0.561878 -0.086223 0.822714 0.000000 0.000000 0.000000 0.000000 1.000000
0.124990 -0.976984 -0.172860 -0.000000 0.836983 0.197384 -0.510392 25.574301 0.532764 -0.080886 0.842389 0.000000 0.000000 0.000000 0.000000 1.000000
0.089808 -0.981907 -0.166712 0.000000 0.861962 0.160487 -0.480900 25.574301 0.498954 -0.100511 0.860780 0.000000 0.000000 0.000000 0.000000 1.000000
0.011073 -0.983836 -0.178732 0.000000 0.889917 0.091205 -0.446910 25.574301 0.455988 -0.154108 0.876542 0.000000 0.000000 0.000000 0.000000 1.000000
-0.058031 -0.978064 -0.200059 0.000000 0.906175 0.032482 -0.421653 25.574301 0.418902 -0.205757 0.884412 -0.000000 0.000000 0.000000 0.000000 1.000000
-0.066296 -0.975095 -0.211647 0.000000 0.911894 0.026894 -0.409544 25.574301 0.405036 -0.220151 0.887400 0.000000 0.000000 0.000000 0.000000 1.000000
-0.050112 -0.977129 -0.206659 0.000000 0.911130 0.040022 -0.410172 25.574301 0.409062 -0.208848 0.888286 0.000000 0.000000 0.000000 0.000000 1.000000
-0.024885 -0.981722 -0.188685 0.000000 0.905839 0.057699 -0.419673 25.574301 0.422890 -0.181362 0.887847 -0.000000 0.000000 0.000000 0.000000 1.000000
0.009243 -0.986266 -0.164906 0.000000 0.897406 0.080930 -0.433721 25.574301 0.441110 -0.143979 0.885829 -0.000000 0.000000 0.000000 0.000000 1.000000
0.049830 -0.988519 -0.142642 -0.000000 0.887228 0.109395 -0.448174 25.574301 0.458633 -0.104223 0.882493 -0.000000 0.000000 0.000000 0.000000 1.000000
0.040539 -0.994209 -0.099526 0.000000 0.883157 0.082241 -0.461812 25.574301 0.467323 -0.069176 0.881376 -0.000000 0.000000 0.000000 0.000000 1.000000</float_array>
        <technique_common>
          <accessor source="#mixamorig_LeftForeArm-Matrix-animation-output-transform-array" count="17" stride="16">
            <param type="float4x4"/>
