<?xml version="1.0" encoding="utf-8"?>
<COLLADA xmlns="http://www.collada.org/2005/11/COLLADASchema" version="1.4.1">
  <asset>
    <contributor>
      <author>Mixamo</author>
      <authoring_tool>COLLADA Mixamo exporter</authoring_tool>
      <comments/>
    </contributor>
    <created>2024-03-07T08:10:47Z</created>
    <modified>2024-03-07T08:10:47Z</modified>
    <revision/>
    <title/>
    <unit meter="0.010000"/>
    <up_axis>Y_UP</up_axis>
  </asset>
  <library_animations>
    <animation id="mixamorig_Hips-anim" name="mixamorig_Hips">
      <source id="mixamorig_Hips-Matrix-animation-input">
        <float_array id="mixamorig_Hips-Matrix-animation-input-array" count="53">

0.000000 0.033333 0.066667 0.100000 0.133333 0.166667 0.200000 0.233333 0.266667 0.300000 0.333333 0.366667 0.400000 0.433333 0.466667 0.500000
0.533333 0.566667 0.600000 0.633333 0.666667 0.700000 0.733333 0.766667 0.800000 0.833333 0.866667 0.900000 0.933333 0.966667 1.000000 1.033333
1.066667 1.100000 1.133333 1.166667 1.200000 1.233333 1.266667 1.300000 1.333333 1.366667 1.400000 1.433333 1.466667 1.500000 1.533333 1.566667
1.600000 1.633333 1.666667 1.700000 1.733333</float_array>
        <technique_common>
          <accessor source="#mixamorig_Hips-Matrix-animation-input-array" count="53">
            <param name="TIME" type="float"/>
          </accessor>
        </technique_common>
      </source>
      <source id="mixamorig_Hips-Matrix-animation-output-transform">
        <float_array id="mixamorig_Hips-Matrix-animation-output-transform-array" count="848">

0.815694 0.021008 -0.578102 1.211078 -0.000489 0.999365 0.035626 71.435120 0.578483 -0.028777 0.815187 1.790992 0.000000 0.000000 0.000000 1.000000
0.818165 0.023417 -0.574507 1.288825 0.001919 0.999054 0.043456 70.604858 0.574981 -0.036657 0.817345 2.411601 0.000000 0.000000 0.000000 1.000000
0.813912 0.026379 -0.580389 1.415593 0.007315 0.998424 0.055638 69.502426 0.580942 -0.049530 0.812436 3.579808 0.000000 0.000000 0.000000 1.000000
0.799488 0.029923 -0.599936 1.788468 0.014593 0.997496 0.069200 67.986961 0.600504 -0.064079 0.797050 5.949278 0.000000 0.000000 0.000000 1.000000
0.771442 0.030594 -0.635564 2.368069 0.024323 0.996696 0.077500 66.161316 0.635834 -0.075245 0.768149 9.600679 0.000000 0.000000 0.000000 1.000000
0.722310 0.021163 -0.691246 2.776194 0.035722 0.997056 0.067853 65.092194 0.690647 -0.073704 0.719427 14.212557 0.000000 0.000000 0.000000 1.000000
0.657468 0.005577 -0.753462 3.074248 0.040892 0.998235 0.043071 65.433296 0.752372 -0.059128 0.656080 18.912897 0.000000 0.000000 0.000000 1.000000
0.585103 -0.010776 -0.810887 3.211517 0.033611 0.999375 0.010972 66.539665 0.810262 -0.033674 0.585099 22.777821 0.000000 0.000000 0.000000 1.000000
0.513387 -0.022907 -0.857852 3.002057 0.011432 0.999738 -0.019855 67.459724 0.858081 0.000387 0.513514 25.798759 0.000000 0.000000 0.000000 1.000000
0.451293 -0.029187 -0.891898 2.679904 -0.021530 0.998818 -0.043580 67.685181 0.892116 0.038869 0.450132 28.725071 0.000000 0.000000 0.000000 1.000000
0.409627 -0.030010 -0.911760 3.097669 -0.056062 0.996742 -0.057994 67.181335 0.910529 0.074871 0.406610 33.044296 0.000000 0.000000 0.000000 1.000000
0.389713 -0.027699 -0.920520 4.404180 -0.080313 0.994717 -0.063934 65.670456 0.917428 0.098846 0.385430 38.669739 0.000000 0.000000 0.000000 1.000000
0.382759 -0.025988 -0.923483 6.001088 -0.086993 0.994149 -0.064033 64.066849 0.919743 0.104846 0.378259 43.063030 0.000000 0.000000 0.000000 1.000000
0.377221 -0.026012 -0.925758 7.767761 -0.082828 0.994652 -0.061698 62.429337 0.922412 0.099952 0.373049 46.958172 0.000000 0.000000 0.000000 1.000000
0.371055 -0.027250 -0.928211 9.146590 -0.079580 0.994959 -0.061022 61.523315 0.925195 0.096510 0.367016 50.495739 0.000000 0.000000 0.000000 1.000000
0.366001 -0.029507 -0.930147 10.109459 -0.082555 0.994527 -0.064034 61.361847 0.926946 0.100225 0.361562 53.480625 0.000000 0.000000 0.000000 1.000000
0.361789 -0.031187 -0.931738 10.575518 -0.087929 0.993843 -0.067408 61.522385 0.928104 0.106315 0.356819 55.611576 0.000000 0.000000 0.000000 1.000000
0.355721 -0.028240 -0.934165 10.617422 -0.090782 0.993773 -0.064611 61.591827 0.930173 0.107789 0.350942 56.605324 0.000000 0.000000 0.000000 1.000000
0.346253 -0.019505 -0.937938 10.324870 -0.089457 0.994542 -0.053707 61.520042 0.933866 0.102502 0.342618 56.500843 0.000000 0.000000 0.000000 1.000000
0.335707 -0.008372 -0.941929 9.749485 -0.084214 0.995689 -0.038864 61.499542 0.938195 0.092371 0.333555 55.554867 0.000000 0.000000 0.000000 1.000000
0.329356 0.002129 -0.944204 9.029001 -0.074591 0.996931 -0.023771 61.749813 0.941255 0.078259 0.328504 53.988976 0.000000 0.000000 0.000000 1.000000
0.332413 0.010646 -0.943074 8.219117 -0.059402 0.998187 -0.009670 62.441116 0.941262 0.059234 0.332443 51.906479 0.000000 0.000000 0.000000 1.000000
0.347944 0.014497 -0.937403 7.273952 -0.038663 0.999252 0.001102 63.643265 0.936718 0.035859 0.348244 49.308170 0.000000 0.000000 0.000000 1.000000
0.377778 0.009414 -0.925848 6.209717 -0.014727 0.999883 0.004158 65.434608 0.925779 0.012065 0.377872 46.396721 0.000000 0.000000 0.000000 1.000000
0.421603 -0.006144 -0.906760 5.154333 0.008872 0.999957 -0.002651 67.562454 0.906737 -0.006927 0.421639 43.226154 0.000000 0.000000 0.000000 1.000000
0.474745 -0.027033 -0.879708 4.323037 0.028842 0.999469 -0.015148 69.807587 0.879650 -0.018181 0.475273 39.671169 0.000000 0.000000 0.000000 1.000000
0.527077 -0.043640 -0.848696 3.842257 0.042662 0.998780 -0.024862 71.919334 0.848746 -0.023103 0.528296 35.998608 0.000000 0.000000 0.000000 1.000000
0.565980 -0.049107 -0.822955 3.959300 0.048393 0.998482 -0.026300 73.339943 0.822997 -0.024940 0.567497 33.066479 0.000000 0.000000 0.000000 1.000000
0.585789 -0.044824 -0.809223 4.456876 0.046827 0.998673 -0.021419 74.106667 0.809110 -0.025347 0.587111 30.849346 0.000000 0.000000 0.000000 1.000000
0.589390 -0.035719 -0.807059 4.813526 0.039184 0.999110 -0.015604 74.819557 0.806898 -0.022427 0.590265 28.306530 0.000000 0.000000 0.000000 1.000000
0.583621 -0.022191 -0.811723 4.969859 0.022685 0.999682 -0.011019 75.315811 0.811709 -0.011983 0.583939 25.426687 0.000000 0.000000 0.000000 1.000000
0.578149 -0.005996 -0.815909 4.531520 0.000715 0.999976 -0.006842 75.991135 0.815931 0.003373 0.578140 21.979313 0.000000 0.000000 0.000000 1.000000
0.581245 0.010708 -0.813658 3.787394 -0.021905 0.999757 -0.002491 76.371834 0.813434 0.019271 0.581338 18.767229 0.000000 0.000000 0.000000 1.000000
0.594732 0.024620 -0.803547 3.227928 -0.036889 0.999314 0.003315 75.952583 0.803077 0.027670 0.595232 16.167574 0.000000 0.000000 0.000000 1.000000
0.615034 0.033405 -0.787793 3.030992 -0.037645 0.999207 0.012979 75.097198 0.787601 0.021674 0.615804 14.097418 0.000000 0.000000 0.000000 1.000000
0.639570 0.037243 -0.767830 2.905560 -0.026912 0.999298 0.026053 74.161194 0.768262 0.004001 0.640123 12.293281 0.000000 0.000000 0.000000 1.000000
0.667813 0.037639 -0.743377 2.652872 -0.013372 0.999166 0.038577 73.168098 0.744209 -0.015822 0.667760 10.455005 0.000000 0.000000 0.000000 1.000000
0.696813 0.036147 -0.716341 2.286854 -0.002232 0.998834 0.048231 72.289749 0.717249 -0.032009 0.696081 8.501252 0.000000 0.000000 0.000000 1.000000
0.720055 0.033524 -0.693107 1.892385 0.006188 0.998482 0.054723 71.718307 0.693889 -0.043692 0.718755 6.426327 0.000000 0.000000 0.000000 1.000000
0.734839 0.027557 -0.677682 1.469157 0.014393 0.998316 0.056203 71.737984 0.678089 -0.051054 0.733204 4.579934 0.000000 0.000000 0.000000 1.000000
0.745563 0.015460 -0.666255 1.009630 0.025409 0.998345 0.051599 72.160400 0.665950 -0.055399 0.743936 2.999355 0.000000 0.000000 0.000000 1.000000
0.758495 0.000766 -0.651679 0.646507 0.037041 0.998332 0.044285 72.799782 0.650626 -0.057728 0.757201 1.899623 0.000000 0.000000 0.000000 1.000000
0.774116 -0.010305 -0.632960 0.453348 0.044650 0.998266 0.038355 73.451630 0.631467 -0.057953 0.773234 1.269929 0.000000 0.000000 0.000000 1.000000
0.788016 -0.015217 -0.615467 0.394914 0.046153 0.998342 0.034409 74.024979 0.613922 -0.055521 0.787411 0.930353 0.000000 0.000000 0.000000 1.000000
0.796562 -0.015285 -0.604363 0.393737 0.042574 0.998617 0.030857 74.512383 0.603055 -0.050309 0.796111 0.663269 0.000000 0.000000 0.000000 1.000000
0.799024 -0.012426 -0.601170 0.418835 0.035679 0.999005 0.026772 74.842194 0.600239 -0.042840 0.798672 0.402774 0.000000 0.000000 0.000000 1.000000
0.797171 -0.008327 -0.603696 0.453266 0.027251 0.999382 0.022199 74.930901 0.603138 -0.034148 0.796906 0.171829 0.000000 0.000000 0.000000 1.000000
0.792753 -0.003359 -0.609534 0.488959 0.018239 0.999668 0.018213 74.750816 0.609271 -0.025556 0.792550 0.014834 0.000000 0.000000 0.000000 1.000000
0.789779 0.002209 -0.613388 0.539270 0.010210 0.999808 0.016746 74.320389 0.613307 -0.019488 0.789605 0.004216 0.000000 0.000000 0.000000 1.000000
0.792260 0.008016 -0.610131 0.643478 0.004650 0.999805 0.019173 73.691315 0.610166 -0.018027 0.792068 0.199108 0.000000 0.000000 0.000000 1.000000
0.800027 0.013481 -0.599813 0.819537 0.001551 0.999698 0.024538 72.953125 0.599962 -0.020561 0.799764 0.624417 0.000000 0.000000 0.000000 1.000000
0.809008 0.017884 -0.587526 1.028230 -0.000132 0.999543 0.030243 72.178062 0.587798 -0.024389 0.808640 1.199223 0.000000 0.000000 0.000000 1.000000
0.815694 0.021008 -0.578102 1.211080 -0.000489 0.999365 0.035626 71.435120 0.578483 -0.028777 0.815187 1.790992 0.000000 0.000000 0.000000 1.000000</float_array>
        <technique_common>
          <accessor source="#mixamorig_Hips-Matrix-animation-output-transform-array" count="53" stride="16">
            <param type="float4x4"/>
          </accessor>
        </technique_common>
      </source>
      <source id="mixamorig_Hips-Interpolations">
        <Name_array id="mixamorig_Hips-Interpolations-array" count="53">
 LINEAR LINEAR LINEAR LINEAR LINEAR LINEAR LINEAR LINEAR LINEAR LINEAR LINEAR
LINEAR LINEAR LINEAR LINEAR LINEAR LINEAR LINEAR LINEAR LINEAR LINEAR LINEAR LINEAR
LINEAR LINEAR LINEAR LINEAR LINEAR LINEAR LINEAR LINEAR LINEAR LINEAR LINEAR LINEAR
LINEAR LINEAR LINEAR LINEAR LINEAR LINEAR LINEAR LINEAR LINEAR LINEAR LINEAR LINEAR
LINEAR LINEAR LINEAR LINEAR LINEAR LINEAR</Name_array>
        <technique_common>
          <accessor source="#mixamorig_Hips-Interpolations-array" count="53">
            <param type="name"/>
          </accessor>
        </technique_common>
      </source>
      <sampler id="mixamorig_Hips-Matrix-animation-transform">
        <input semantic="INPUT" source="#mixamorig_Hips-Matrix-animation-input"/>
        <input semantic="OUTPUT" source="#mixamorig_Hips-Matrix-animation-output-transform"/>
        <input semantic="INTERPOLATION" source="#mixamorig_Hips-Interpolations"/>
      </sampler>
      <channel source="#mixamorig_Hips-Matrix-animation-transform" target="mixamorig_Hips/matrix"/>
    </animation>
    <animation id="mixamorig_Spine-anim" name="mixamorig_Spine">
      <source id="mixamorig_Spine-Matrix-animation-input">
        <float_array id="mixamorig_Spine-Matrix-animation-input-array" count="53">

0.000000 0.033333 0.066667 0.100000 0.133333 0.166667 0.200000 0.233333 0.266667 0.300000 0.333333 0.366667 0.400000 0.433333 0.466667 0.500000
0.533333 0.566667 0.600000 0.633333 0.666667 0.700000 0.733333 0.766667 0.800000 0.833333 0.866667 0.900000 0.933333 0.966667 1.000000 1.033333
1.066667 1.100000 1.133333 1.166667 1.200000 1.233333 1.266667 1.300000 1.333333 1.366667 1.400000 1.433333 1.466667 1.500000 1.533333 1.566667
1.600000 1.633333 1.666667 1.700000 1.733333</float_array>
        <technique_common>
          <accessor source="#mixamorig_Spine-Matrix-animation-input-array" count="53">
            <param name="TIME" type="float"/>
          </accessor>
        </technique_common>
      </source>
      <source id="mixamorig_Spine-Matrix-animation-output-transform">
        <float_array id="mixamorig_Spine-Matrix-animation-output-transform-array" count="848">

0.999118 -0.022935 0.035177 -0.000000 0.026838 0.993024 -0.114816 13.784800 -0.032298 0.115659 0.992764 0.064400 0.000000 0.000000 0.000000 1.000000
0.999030 -0.022289 0.037965 0.000000 0.026679 0.992494 -0.119350 13.784800 -0.035020 0.120248 0.992126 0.064400 0.000000 0.000000 0.000000 1.000000
0.998802 -0.023223 0.043074 0.000000 0.028557 0.991405 -0.127674 13.784800 -0.039739 0.128751 0.990880 0.064400 0.000000 0.000000 0.000000 1.000000
0.998349 -0.024826 0.051796 0.000000 0.031799 0.989854 -0.138481 13.784800 -0.047833 0.139899 0.989010 0.064400 0.000000 0.000000 0.000000 1.000000
0.997694 -0.023695 0.063603 0.000000 0.032837 0.988622 -0.146791 13.784800 -0.059402 0.148541 0.987121 0.064400 0.000000 0.000000 0.000000 1.000000
0.997311 -0.017018 0.071275 -0.000000 0.027517 0.988452 -0.149014 13.784800 -0.067916 0.150575 0.986263 0.064400 0.000000 0.000000 0.000000 1.000000
0.997591 -0.004045 0.069245 -0.000000 0.014199 0.989067 -0.146783 13.784800 -0.067894 0.147413 0.986742 0.064400 0.000000 0.000000 0.000000 1.000000
0.998177 0.013713 0.058776 0.000000 -0.005065 0.989444 -0.144827 13.784800 -0.060142 0.144266 0.987710 0.064400 0.000000 0.000000 0.000000 1.000000
0.998519 0.031215 0.044557 0.000000 -0.024444 0.989110 -0.145133 13.784800 -0.048602 0.143829 0.988408 0.064400 0.000000 0.000000 0.000000 1.000000
0.998712 0.040930 0.029969 -0.000000 -0.036176 0.988788 -0.144875 13.784800 -0.035563 0.143604 0.988996 0.064400 0.000000 0.000000 0.000000 1.000000
0.999112 0.038948 0.016053 0.000000 -0.036271 0.989146 -0.142389 13.784800 -0.021424 0.141680 0.989681 0.064400 0.000000 0.000000 0.000000 1.000000
0.999468 0.032310 0.004503 0.000000 -0.031342 0.989349 -0.142151 13.784800 -0.009048 0.141935 0.989835 0.064400 0.000000 0.000000 0.000000 1.000000
0.999435 0.033237 -0.005084 0.000000 -0.033624 0.988047 -0.150439 13.784800 0.000023 0.150525 0.988606 0.064400 0.000000 0.000000 0.000000 1.000000
0.999018 0.043355 -0.009112 0.000000 -0.044267 0.985053 -0.166466 13.784800 0.001758 0.166706 0.986005 0.064400 0.000000 0.000000 0.000000 1.000000
0.998474 0.054903 -0.005937 0.000000 -0.055066 0.981768 -0.181935 13.784800 -0.004160 0.181984 0.983293 0.064400 0.000000 0.000000 0.000000 1.000000
0.998189 0.060082 0.002827 0.000000 -0.058450 0.980022 -0.190107 13.784800 -0.014193 0.189598 0.981759 0.064400 0.000000 0.000000 0.000000 1.000000
0.998180 0.059077 0.012147 0.000000 -0.055657 0.979839 -0.191882 13.784800 -0.023238 0.190856 0.981343 0.064400 0.000000 0.000000 0.000000 1.000000
0.998192 0.057345 0.017988 0.000000 -0.052840 0.979979 -0.191960 13.784800 -0.028635 0.190662 0.981238 0.064400 0.000000 0.000000 0.000000 1.000000
0.998156 0.057368 0.019822 0.000000 -0.052502 0.979931 -0.192297 13.784800 -0.030456 0.190902 0.981137 0.064400 0.000000 0.000000 0.000000 1.000000
0.998178 0.057027 0.019728 0.000000 -0.052211 0.980116 -0.191432 13.784800 -0.030253 0.190053 0.981308 0.064400 0.000000 0.000000 0.000000 1.000000
0.998341 0.053920 0.020206 0.000000 -0.049171 0.980912 -0.188131 13.784800 -0.029964 0.186825 0.981936 0.064400 0.000000 0.000000 0.000000 1.000000
0.998582 0.048385 0.022185 0.000000 -0.043527 0.982167 -0.182901 13.784800 -0.030639 0.181676 0.982881 0.064400 0.000000 0.000000 0.000000 1.000000
0.998748 0.043079 0.025438 0.000000 -0.037933 0.983588 -0.176394 13.784800 -0.032619 0.175208 0.983991 0.064400 0.000000 0.000000 0.000000 1.000000
0.998796 0.039411 0.029211 0.000000 -0.033953 0.985165 -0.168218 13.784800 -0.035408 0.167023 0.985317 0.064400 0.000000 0.000000 0.000000 1.000000
0.998823 0.035958 0.032557 0.000000 -0.030382 0.986976 -0.157970 13.784800 -0.037813 0.156795 0.986907 0.064400 0.000000 0.000000 0.000000 1.000000
0.998950 0.030914 0.033804 0.000000 -0.025618 0.988778 -0.147182 13.784800 -0.037975 0.146162 0.988532 0.064400 0.000000 0.000000 0.000000 1.000000
0.999168 0.025023 0.032196 0.000000 -0.020294 0.989997 -0.139622 13.784800 -0.035368 0.138853 0.989681 0.064400 0.000000 0.000000 0.000000 1.000000
0.999345 0.019632 0.030399 0.000000 -0.015243 0.990257 -0.138414 13.784800 -0.032821 0.137860 0.989908 0.064400 0.000000 0.000000 0.000000 1.000000
0.999461 0.015489 0.028959 0.000000 -0.011200 0.989689 -0.142792 13.784800 -0.030872 0.142391 0.989329 0.064400 0.000000 0.000000 0.000000 1.000000
0.999573 0.012499 0.026404 -0.000000 -0.008438 0.988851 -0.148666 13.784800 -0.027968 0.148380 0.988535 0.064400 0.000000 0.000000 0.000000 1.000000
0.999702 0.007672 0.023185 0.000000 -0.004061 0.988378 -0.151962 13.784800 -0.024081 0.151822 0.988114 0.064400 0.000000 0.000000 0.000000 1.000000
0.999811 0.003521 0.019123 -0.000000 -0.000588 0.988497 -0.151237 13.784800 -0.019435 0.151197 0.988313 0.064400 0.000000 0.000000 0.000000 1.000000
0.999876 0.000477 0.015765 0.000000 0.001859 0.989014 -0.147809 13.784800 -0.015662 0.147820 0.988890 0.064400 0.000000 0.000000 0.000000 1.000000
0.999894 -0.000945 0.014526 0.000000 0.003034 0.989501 -0.144492 13.784800 -0.014237 0.144521 0.989399 0.064400 0.000000 0.000000 0.000000 1.000000
0.999873 0.000889 0.015882 0.000000 0.001392 0.989716 -0.143039 13.784800 -0.015846 0.143043 0.989590 0.064400 0.000000 0.000000 0.000000 1.000000
0.999805 0.004860 0.019157 0.000000 -0.002080 0.989786 -0.142545 13.784800 -0.019654 0.142477 0.989603 0.064400 0.000000 0.000000 0.000000 1.000000
0.999700 0.006650 0.023574 0.000000 -0.003261 0.990007 -0.140980 13.784800 -0.024276 0.140861 0.989732 0.064400 0.000000 0.000000 0.000000 1.000000
0.999586 0.003502 0.028552 -0.000000 0.000464 0.990469 -0.137738 13.784800 -0.028762 0.137694 0.990057 0.064400 0.000000 0.000000 0.000000 1.000000
0.999428 -0.003288 0.033653 0.000000 0.007761 0.990993 -0.133686 13.784800 -0.032911 0.133871 0.990452 0.064400 0.000000 0.000000 0.000000 1.000000
0.999238 -0.009971 0.037731 -0.000000 0.014775 0.991497 -0.129287 13.784800 -0.036121 0.129746 0.990889 0.064400 0.000000 0.000000 0.000000 1.000000
0.999101 -0.013626 0.040152 0.000000 0.018516 0.992100 -0.124072 13.784800 -0.038144 0.124704 0.991461 0.064400 0.000000 0.000000 0.000000 1.000000
0.999053 -0.015869 0.040511 0.000000 0.020551 0.992813 -0.117899 13.784800 -0.038349 0.118620 0.992199 0.064400 0.000000 0.000000 0.000000 1.000000
0.999045 -0.018884 0.039396 0.000000 0.023188 0.993457 -0.111824 13.784800 -0.037027 0.112631 0.992947 0.064400 0.000000 0.000000 0.000000 1.000000
0.999034 -0.022581 0.037693 0.000000 0.026512 0.993874 -0.107289 13.784800 -0.035039 0.108185 0.993513 0.064400 0.000000 0.000000 0.000000 1.000000
0.999026 -0.025488 0.036015 0.000000 0.029141 0.994063 -0.104830 13.784800 -0.033129 0.105777 0.993838 0.064400 0.000000 0.000000 0.000000 1.000000
0.999036 -0.026922 0.034687 -0.000000 0.030390 0.994146 -0.103687 13.784800 -0.031692 0.104642 0.994005 0.064400 0.000000 0.000000 0.000000 1.000000
0.999048 -0.027531 0.033839 0.000000 0.030876 0.994234 -0.102695 13.784800 -0.030816 0.103642 0.994137 0.064400 0.000000 0.000000 0.000000 1.000000
0.999052 -0.027996 0.033348 -0.000000 0.031256 0.994329 -0.101652 13.784800 -0.030313 0.102598 0.994261 0.064400 0.000000 0.000000 0.000000 1.000000
0.999056 -0.028197 0.033036 0.000000 0.031426 0.994318 -0.101706 13.784800 -0.029981 0.102648 0.994266 0.064400 0.000000 0.000000 0.000000 1.000000
0.999081 -0.027594 0.032790 0.000000 0.030869 0.994100 -0.103983 13.784800 -0.029727 0.104900 0.994038 0.064400 0.000000 0.000000 0.000000 1.000000
0.999119 -0.026127 0.032836 0.000000 0.029532 0.993721 -0.107922 13.784800 -0.029810 0.108796 0.993617 0.064400 0.000000 0.000000 0.000000 1.000000
0.999138 -0.024353 0.033624 0.000000 0.027971 0.993347 -0.111711 13.784800 -0.030680 0.112555 0.993172 0.064400 0.000000 0.000000 0.000000 1.000000
0.999118 -0.022935 0.035176 0.000000 0.026838 0.993024 -0.114816 13.784800 -0.032298 0.115659 0.992764 0.064400 0.000000 0.000000 0.000000 1.000000</float_array>
        <technique_common>
          <accessor source="#mixamorig_Spine-Matrix-animation-output-transform-array" count="53" stride="16">
            <param type="float4x4"/>
          </accessor>
        </technique_common>
      </source>
      <source id="mixamorig_Spine-Interpolations">
        <Name_array id="mixamorig_Spine-Interpolations-array" count="53">
 LINEAR LINEAR LINEAR LINEAR LINEAR LINEAR LINEAR LINEAR LINEAR LINEAR LINEAR
LINEAR LINEAR LINEAR LINEAR LINEAR LINEAR LINEAR LINEAR LINEAR LINEAR LINEAR LINEAR
LINEAR LINEAR LINEAR LINEAR LINEAR LINEAR LINEAR LINEAR LINEAR LINEAR LINEAR LINEAR
LINEAR LINEAR LINEAR LINEAR LINEAR LINEAR LINEAR LINEAR LINEAR LINEAR LINEAR LINEAR
LINEAR LINEAR LINEAR LINEAR LINEAR LINEAR</Name_array>
        <technique_common>
          <accessor source="#mixamorig_Spine-Interpolations-array" count="53">
            <param type="name"/>
          </accessor>
        </technique_common>
      </source>
      <sampler id="mixamorig_Spine-Matrix-animation-transform">
        <input semantic="INPUT" source="#mixamorig_Spine-Matrix-animation-input"/>
        <input semantic="OUTPUT" source="#mixamorig_Spine-Matrix-animation-output-transform"/>
        <input semantic="INTERPOLATION" source="#mixamorig_Spine-Interpolations"/>
      </sampler>
      <channel source="#mixamorig_Spine-Matrix-animation-transform" target="mixamorig_Spine/matrix"/>
    </animation>
    <animation id="mixamorig_Spine1-anim" name="mixamorig_Spine1">
      <source id="mixamorig_Spine1-Matrix-animation-input">
        <float_array id="mixamorig_Spine1-Matrix-animation-input-array" count="53">

0.000000 0.033333 0.066667 0.100000 0.133333 0.166667 0.200000 0.233333 0.266667 0.300000 0.333333 0.366667 0.400000 0.433333 0.466667 0.500000
0.533333 0.566667 0.600000 0.633333 0.666667 0.700000 0.733333 0.766667 0.800000 0.833333 0.866667 0.900000 0.933333 0.966667 1.000000 1.033333
1.066667 1.100000 1.133333 1.166667 1.200000 1.233333 1.266667 1.300000 1.333333 1.366667 1.400000 1.433333 1.466667 1.500000 1.533333 1.566667
1.600000 1.633333 1.666667 1.700000 1.733333</float_array>
        <technique_common>
          <accessor source="#mixamorig_Spine1-Matrix-animation-input-array" count="53">
            <param name="TIME" type="float"/>
          </accessor>
        </technique_common>
      </source>
      <source id="mixamorig_Spine1-Matrix-animation-output-transform">
        <float_array id="mixamorig_Spine1-Matrix-animation-output-transform-array" count="848">

0.998503 -0.017391 0.051852 0.000000 0.023413 0.992751 -0.117883 12.024300 -0.049427 0.118921 0.991673 0.000000 0.000000 0.000000 0.000000 1.000000
0.998383 -0.015976 0.054547 0.000000 0.022566 0.992220 -0.122434 12.024300 -0.052167 0.123467 0.990977 0.000000 0.000000 0.000000 0.000000 1.000000
0.998084 -0.015598 0.059870 0.000000 0.023289 0.991242 -0.129990 12.024300 -0.057319 0.131136 0.989706 -0.000000 0.000000 0.000000 0.000000 1.000000
0.997542 -0.013749 0.068712 0.000000 0.023239 0.989981 -0.139274 12.024300 -0.066109 0.140528 0.987867 0.000000 0.000000 0.000000 0.000000 1.000000
0.996773 -0.007096 0.079952 0.000000 0.018684 0.989235 -0.145139 12.024300 -0.078062 0.146164 0.986176 0.000000 0.000000 0.000000 0.000000 1.000000
0.996013 0.005022 0.089072 0.000000 0.007895 0.989534 -0.144084 12.024300 -0.088863 0.144212 0.985549 -0.000000 0.000000 0.000000 0.000000 1.000000
0.995760 0.019242 0.089957 0.000000 -0.006597 0.990297 -0.138809 12.024300 -0.091755 0.137627 0.986225 -0.000000 0.000000 0.000000 0.000000 1.000000
0.996378 0.030912 0.079213 0.000000 -0.019921 0.990515 -0.135955 12.024300 -0.082664 0.133884 0.987543 0.000000 0.000000 0.000000 0.000000 1.000000
0.997575 0.036957 0.058972 0.000000 -0.028406 0.989778 -0.139760 12.024300 -0.063535 0.137746 0.988428 -0.000000 0.000000 0.000000 0.000000 1.000000
0.998759 0.035346 0.035097 0.000000 -0.029844 0.988759 -0.146511 12.024300 -0.039881 0.145282 0.988586 0.000000 0.000000 0.000000 0.000000 1.000000
0.999537 0.027929 0.012114 0.000000 -0.025784 0.988215 -0.150886 12.024300 -0.016185 0.150504 0.988477 -0.000000 0.000000 0.000000 0.000000 1.000000
0.999718 0.022091 -0.008719 0.000000 -0.023170 0.987818 -0.153882 12.024300 0.005214 0.154040 0.988051 -0.000000 0.000000 0.000000 0.000000 1.000000
0.999319 0.025940 -0.026236 0.000000 -0.029858 0.986325 -0.162083 12.024300 0.021672 0.162756 0.986428 0.000000 0.000000 0.000000 0.000000 1.000000
0.998563 0.039616 -0.036098 0.000000 -0.045445 0.982900 -0.178444 12.024300 0.028411 0.179828 0.983288 0.000000 0.000000 0.000000 0.000000 1.000000
0.997945 0.054686 -0.033387 0.000000 -0.060223 0.978473 -0.197392 12.024300 0.021873 0.198997 0.979756 -0.000000 0.000000 0.000000 0.000000 1.000000
0.997814 0.063271 -0.019063 0.000000 -0.065872 0.975273 -0.210957 12.024300 0.005244 0.211752 0.977309 0.000000 0.000000 0.000000 0.000000 1.000000
0.997879 0.065082 -0.001437 -0.000000 -0.063843 0.974089 -0.216965 12.024300 -0.012721 0.216597 0.976178 0.000000 0.000000 0.000000 0.000000 1.000000
0.997836 0.064873 0.010740 0.000000 -0.060960 0.973868 -0.218780 12.024300 -0.024653 0.217652 0.975715 -0.000000 0.000000 0.000000 0.000000 1.000000
0.997713 0.065765 0.015589 0.000000 -0.060762 0.973784 -0.219211 12.024300 -0.029597 0.217763 0.975553 0.000000 0.000000 0.000000 0.000000 1.000000
0.997600 0.066990 0.017525 0.000000 -0.061574 0.973991 -0.218059 12.024300 -0.031677 0.216457 0.975778 0.000000 0.000000 0.000000 0.000000 1.000000
0.997538 0.066864 0.021137 -0.000000 -0.060791 0.974796 -0.214657 12.024300 -0.034957 0.212844 0.976461 -0.000000 0.000000 0.000000 0.000000 1.000000
0.997456 0.065838 0.027341 -0.000000 -0.058687 0.976067 -0.209402 12.024300 -0.040473 0.207265 0.977447 0.000000 0.000000 0.000000 0.000000 1.000000
0.997220 0.066077 0.034447 -0.000000 -0.057783 0.977588 -0.202443 12.024300 -0.047052 0.199889 0.978688 0.000000 0.000000 0.000000 0.000000 1.000000
0.996836 0.068315 0.040622 0.000000 -0.059259 0.979419 -0.192942 12.024300 -0.052966 0.189924 0.980369 0.000000 0.000000 0.000000 0.000000 1.000000
0.996555 0.069851 0.044715 -0.000000 -0.060706 0.981684 -0.180587 12.024300 -0.056510 0.177250 0.982542 0.000000 0.000000 0.000000 0.000000 1.000000
0.996689 0.066996 0.046067 0.000000 -0.058414 0.984152 -0.167432 12.024300 -0.056554 0.164187 0.984807 0.000000 0.000000 0.000000 0.000000 1.000000
0.997206 0.059811 0.044757 0.000000 -0.052069 0.986119 -0.157668 12.024300 -0.053566 0.154897 0.986477 0.000000 0.000000 0.000000 0.000000 1.000000
0.997739 0.052467 0.042003 0.000000 -0.045388 0.986925 -0.154658 12.024300 -0.049568 0.152402 0.987075 0.000000 0.000000 0.000000 0.000000 1.000000
0.998065 0.047988 0.039550 0.000000 -0.041182 0.986604 -0.157851 12.024300 -0.046595 0.155916 0.986671 0.000000 0.000000 0.000000 0.000000 1.000000
0.998297 0.044104 0.038175 -0.000000 -0.037324 0.985921 -0.162992 12.024300 -0.044826 0.161290 0.985889 0.000000 0.000000 0.000000 0.000000 1.000000
0.998694 0.035356 0.036895 0.000000 -0.028799 0.985846 -0.165162 12.024300 -0.042212 0.163884 0.985576 0.000000 0.000000 0.000000 0.000000 1.000000
0.999224 0.019575 0.034167 -0.000000 -0.013791 0.986699 -0.161971 12.024300 -0.036883 0.161374 0.986204 -0.000000 0.000000 0.000000 0.000000 1.000000
0.999545 0.002002 0.030099 -0.000000 0.002694 0.987884 -0.155172 12.024300 -0.030045 0.155182 0.987429 0.000000 0.000000 0.000000 0.000000 1.000000
0.999601 -0.008202 0.027037 0.000000 0.012150 0.988722 -0.149266 12.024300 -0.025508 0.149535 0.988427 0.000000 0.000000 0.000000 0.000000 1.000000
0.999604 -0.006282 0.027441 0.000000 0.010257 0.989048 -0.147240 12.024300 -0.026215 0.147463 0.988720 0.000000 0.000000 0.000000 0.000000 1.000000
0.999496 0.003651 0.031537 0.000000 0.001046 0.989040 -0.147645 12.024300 -0.031731 0.147604 0.988537 0.000000 0.000000 0.000000 0.000000 1.000000
0.999208 0.012531 0.037763 0.000000 -0.006851 0.989120 -0.146953 12.024300 -0.039194 0.146578 0.988422 0.000000 0.000000 0.000000 0.000000 1.000000
0.998887 0.014314 0.044946 0.000000 -0.007701 0.989549 -0.143990 12.024300 -0.046538 0.143484 0.988558 -0.000000 0.000000 0.000000 0.000000 1.000000
0.998553 0.010164 0.052799 0.000000 -0.002661 0.990109 -0.140273 12.024300 -0.053703 0.139929 0.988704 0.000000 0.000000 0.000000 0.000000 1.000000
0.998164 0.005500 0.060322 0.000000 0.002804 0.990606 -0.136720 12.024300 -0.060508 0.136638 0.988771 0.000000 0.000000 0.000000 0.000000 1.000000
0.997861 0.003892 0.065255 0.000000 0.004793 0.991182 -0.132421 12.024300 -0.065195 0.132450 0.989043 0.000000 0.000000 0.000000 0.000000 1.000000
0.997815 0.004320 0.065927 0.000000 0.004080 0.991925 -0.126759 12.024300 -0.065943 0.126751 0.989740 0.000000 0.000000 0.000000 0.000000 1.000000
0.998003 0.003749 0.063048 0.000000 0.003905 0.992664 -0.120841 12.024300 -0.063038 0.120846 0.990668 -0.000000 0.000000 0.000000 0.000000 1.000000
0.998255 0.000917 0.059038 0.000000 0.005962 0.993203 -0.116240 12.024300 -0.058744 0.116389 0.991465 -0.000000 0.000000 0.000000 0.000000 1.000000
0.998427 -0.003100 0.055984 0.000000 0.009435 0.993522 -0.113248 12.024300 -0.055271 0.113598 0.991988 -0.000000 0.000000 0.000000 0.000000 1.000000
0.998481 -0.007103 0.054642 0.000000 0.013129 0.993763 -0.110741 12.024300 -0.053514 0.111290 0.992346 0.000000 0.000000 0.000000 0.000000 1.000000
0.998435 -0.011171 0.054802 0.000000 0.017024 0.994056 -0.107529 12.024300 -0.053275 0.108294 0.992690 0.000000 0.000000 0.000000 0.000000 1.000000
0.998329 -0.015706 0.055603 0.000000 0.021431 0.994356 -0.103911 12.024300 -0.053657 0.104929 0.993031 0.000000 0.000000 0.000000 0.000000 1.000000
0.998248 -0.019979 0.055700 0.000000 0.025592 0.994460 -0.101955 12.024300 -0.053354 0.103202 0.993228 0.000000 0.000000 0.000000 0.000000 1.000000
0.998274 -0.022408 0.054293 0.000000 0.027956 0.994218 -0.103678 12.024300 -0.051656 0.105016 0.993128 -0.000000 0.000000 0.000000 0.000000 1.000000
0.998391 -0.022151 0.052198 0.000000 0.027723 0.993702 -0.108576 12.024300 -0.049464 0.109848 0.992717 0.000000 0.000000 0.000000 0.000000 1.000000
0.998495 -0.019929 0.051103 -0.000000 0.025649 0.993167 -0.113850 12.024300 -0.048484 0.114989 0.992183 0.000000 0.000000 0.000000 0.000000 1.000000
0.998503 -0.017391 0.051852 0.000000 0.023413 0.992751 -0.117883 12.024300 -0.049426 0.118921 0.991673 0.000000 0.000000 0.000000 0.000000 1.000000</float_array>
        <technique_common>
          <accessor source="#mixamorig_Spine1-Matrix-animation-output-transform-array" count="53" stride="16">
            <param type="float4x4"/>
          </accessor>
        </technique_common>
      </source>
      <source id="mixamorig_Spine1-Interpolations">
        <Name_array id="mixamorig_Spine1-Interpolations-array" count="53">
 LINEAR LINEAR LINEAR LINEAR LINEAR LINEAR LINEAR LINEAR LINEAR LINEAR LINEAR
LINEAR LINEAR LINEAR LINEAR LINEAR LINEAR LINEAR LINEAR LINEAR LINEAR LINEAR LINEAR
LINEAR LINEAR LINEAR LINEAR LINEAR LINEAR LINEAR LINEAR LINEAR LINEAR LINEAR LINEAR
LINEAR LINEAR LINEAR LINEAR LINEAR LINEAR LINEAR LINEAR LINEAR LINEAR LINEAR LINEAR
LINEAR LINEAR LINEAR LINEAR LINEAR LINEAR</Name_array>
        <technique_common>
          <accessor source="#mixamorig_Spine1-Interpolations-array" count="53">
            <param type="name"/>
          </accessor>
        </technique_common>
      </source>
      <sampler id="mixamorig_Spine1-Matrix-animation-transform">
        <input semantic="INPUT" source="#mixamorig_Spine1-Matrix-animation-input"/>
        <input semantic="OUTPUT" source="#mixamorig_Spine1-Matrix-animation-output-transform"/>
        <input semantic="INTERPOLATION" source="#mixamorig_Spine1-Interpolations"/>
      </sampler>
      <channel source="#mixamorig_Spine1-Matrix-animation-transform" target="mixamorig_Spine1/matrix"/>
    </animation>
    <animation id="mixamorig_Spine2-anim" name="mixamorig_Spine2">
      <source id="mixamorig_Spine2-Matrix-animation-input">
        <float_array id="mixamorig_Spine2-Matrix-animation-input-array" count="53">

0.000000 0.033333 0.066667 0.100000 0.133333 0.166667 0.200000 0.233333 0.266667 0.300000 0.333333 0.366667 0.400000 0.433333 0.466667 0.500000
0.533333 0.566667 0.600000 0.633333 0.666667 0.700000 0.733333 0.766667 0.800000 0.833333 0.866667 0.900000 0.933333 0.966667 1.000000 1.033333
1.066667 1.100000 1.133333 1.166667 1.200000 1.233333 1.266667 1.300000 1.333333 1.366667 1.400000 1.433333 1.466667 1.500000 1.533333 1.566667
1.600000 1.633333 1.666667 1.700000 1.733333</float_array>
        <technique_common>
          <accessor source="#mixamorig_Spine2-Matrix-animation-input-array" count="53">
            <param name="TIME" type="float"/>
          </accessor>
        </technique_common>
      </source>
      <source id="mixamorig_Spine2-Matrix-animation-output-transform">
        <float_array id="mixamorig_Spine2-Matrix-animation-output-transform-array" count="848">

0.998349 -0.019244 0.054114 -0.000000 0.024713 0.994447 -0.102294 17.815800 -0.051845 0.103463 0.993281 0.000000 0.000000 0.000000 0.000000 1.000000
0.998219 -0.018041 0.056858 0.000000 0.024048 0.993989 -0.106802 17.815800 -0.054589 0.107979 0.992653 0.000000 0.000000 0.000000 0.000000 1.000000
0.997904 -0.018151 0.062120 0.000000 0.025177 0.993130 -0.114272 17.815800 -0.059619 0.115596 0.991505 0.000000 0.000000 0.000000 0.000000 1.000000
0.997348 -0.017169 0.070727 -0.000000 0.025834 0.992010 -0.123483 17.815800 -0.068042 0.124983 0.989823 -0.000000 0.000000 0.000000 0.000000 1.000000
0.996595 -0.011627 0.081623 -0.000000 0.022166 0.991342 -0.129422 17.815800 -0.079412 0.130791 0.988224 0.000000 0.000000 0.000000 0.000000 1.000000
0.995906 -0.000441 0.090396 -0.000000 0.012123 0.991605 -0.128732 17.815800 -0.089580 0.129300 0.987551 -0.000000 0.000000 0.000000 0.000000 1.000000
0.995772 0.013513 0.090861 0.000000 -0.002140 0.992265 -0.124119 17.815800 -0.091835 0.123399 0.988099 0.000000 0.000000 0.000000 0.000000 1.000000
0.996510 0.025784 0.079392 0.000000 -0.015959 0.992403 -0.121993 17.815800 -0.081934 0.120300 0.989351 -0.000000 0.000000 0.000000 0.000000 1.000000
0.997768 0.033103 0.057986 0.000000 -0.025566 0.991674 -0.126209 17.815800 -0.061681 0.124445 0.990307 0.000000 0.000000 0.000000 0.000000 1.000000
0.998906 0.032988 0.033131 0.000000 -0.028310 0.990728 -0.132875 17.815800 -0.037207 0.131792 0.990579 0.000000 0.000000 0.000000 0.000000 1.000000
0.999587 0.026951 0.010009 0.000000 -0.025329 0.990268 -0.136851 17.815800 -0.013600 0.136541 0.990541 0.000000 0.000000 0.000000 0.000000 1.000000
0.999698 0.022310 -0.010318 0.000000 -0.023531 0.989954 -0.139420 17.815800 0.007104 0.139621 0.990180 -0.000000 0.000000 0.000000 0.000000 1.000000
0.999252 0.027162 -0.027537 0.000000 -0.030931 0.988614 -0.147263 17.815800 0.023223 0.148005 0.988714 0.000000 0.000000 0.000000 0.000000 1.000000
0.998430 0.041405 -0.037713 0.000000 -0.047037 0.985443 -0.163372 17.815800 0.030399 0.164889 0.985844 0.000000 0.000000 0.000000 0.000000 1.000000
0.997784 0.056236 -0.035547 0.000000 -0.061803 0.981290 -0.182347 17.815800 0.024627 0.184140 0.982591 -0.000000 0.000000 0.000000 0.000000 1.000000
0.997731 0.063802 -0.021505 0.000000 -0.066789 0.978267 -0.196296 17.815800 0.008513 0.197287 0.980309 0.000000 0.000000 0.000000 0.000000 1.000000
0.997918 0.064382 -0.003842 0.000000 -0.063822 0.977134 -0.202820 17.815800 -0.009304 0.202643 0.979208 0.000000 0.000000 0.000000 0.000000 1.000000
0.997956 0.063332 0.008503 0.000000 -0.060249 0.976907 -0.204994 17.815800 -0.021289 0.204063 0.978726 0.000000 0.000000 0.000000 0.000000 1.000000
0.997863 0.063908 0.013640 0.000000 -0.059750 0.976820 -0.205555 17.815800 -0.026460 0.204301 0.978550 0.000000 0.000000 0.000000 0.000000 1.000000
0.997749 0.065076 0.016167 0.000000 -0.060412 0.977019 -0.204413 17.815800 -0.029098 0.202976 0.978751 0.000000 0.000000 0.000000 0.000000 1.000000
0.997677 0.064871 0.020799 0.000000 -0.059388 0.977793 -0.200984 17.815800 -0.033375 0.199282 0.979374 0.000000 0.000000 0.000000 0.000000 1.000000
0.997567 0.063680 0.028375 0.000000 -0.056930 0.979019 -0.195653 17.815800 -0.040239 0.193561 0.980263 -0.000000 0.000000 0.000000 0.000000 1.000000
0.997284 0.063739 0.036913 0.000000 -0.055687 0.980485 -0.188540 17.815800 -0.048210 0.185972 0.981372 -0.000000 0.000000 0.000000 0.000000 1.000000
0.996848 0.065874 0.044221 0.000000 -0.056975 0.982229 -0.178830 17.815800 -0.055215 0.175746 0.982886 -0.000000 0.000000 0.000000 0.000000 1.000000
0.996521 0.067447 0.048959 0.000000 -0.058456 0.984351 -0.166239 17.815800 -0.059405 0.162798 0.984869 0.000000 0.000000 0.000000 0.000000 1.000000
0.996620 0.064778 0.050518 -0.000000 -0.056381 0.986640 -0.152849 17.815800 -0.059744 0.149484 0.986957 -0.000000 0.000000 0.000000 0.000000 1.000000
0.997119 0.057827 0.049092 -0.000000 -0.050287 0.988455 -0.142926 17.815800 -0.056790 0.140045 0.988515 -0.000000 0.000000 0.000000 0.000000 1.000000
0.997660 0.050609 0.045976 0.000000 -0.043732 0.989198 -0.139912 17.815800 -0.052561 0.137574 0.989096 0.000000 0.000000 0.000000 0.000000 1.000000
0.998009 0.046094 0.043043 -0.000000 -0.039496 0.988902 -0.143224 17.815800 -0.049167 0.141239 0.988754 -0.000000 0.000000 0.000000 0.000000 1.000000
0.998262 0.042114 0.041223 0.000000 -0.035561 0.988277 -0.148475 17.815800 -0.046993 0.146751 0.988057 0.000000 0.000000 0.000000 0.000000 1.000000
0.998659 0.033370 0.039590 0.000000 -0.027050 0.988219 -0.150636 17.815800 -0.044151 0.149363 0.987796 0.000000 0.000000 0.000000 0.000000 1.000000
0.999176 0.017783 0.036492 0.000000 -0.012220 0.989010 -0.147341 17.815800 -0.038711 0.146773 0.988412 -0.000000 0.000000 0.000000 0.000000 1.000000
0.999490 0.000509 0.031925 0.000000 0.003981 0.990080 -0.140450 17.815800 -0.031680 0.140505 0.989573 0.000000 0.000000 0.000000 0.000000 1.000000
0.999553 -0.009486 0.028346 -0.000000 0.013218 0.990821 -0.134532 17.815800 -0.026809 0.134846 0.990504 0.000000 0.000000 0.000000 0.000000 1.000000
0.999565 -0.007592 0.028492 0.000000 0.011306 0.991112 -0.132546 17.815800 -0.027232 0.132811 0.990767 -0.000000 0.000000 0.000000 0.000000 1.000000
0.999461 0.002111 0.032764 -0.000000 0.002266 0.991117 -0.132977 17.815800 -0.032754 0.132980 0.990577 0.000000 0.000000 0.000000 0.000000 1.000000
0.999162 0.010695 0.039514 0.000000 -0.005381 0.991206 -0.132220 17.815800 -0.040581 0.131897 0.990432 0.000000 0.000000 0.000000 0.000000 1.000000
0.998804 0.012208 0.047347 0.000000 -0.006003 0.991620 -0.129052 17.815800 -0.048526 0.128614 0.990507 0.000000 0.000000 0.000000 0.000000 1.000000
0.998413 0.007820 0.055773 0.000000 -0.000788 0.992154 -0.125018 17.815800 -0.056313 0.124776 0.990586 -0.000000 0.000000 0.000000 0.000000 1.000000
0.997964 0.002974 0.063712 0.000000 0.004776 0.992624 -0.121138 17.815800 -0.063602 0.121196 0.990589 0.000000 0.000000 0.000000 0.000000 1.000000
0.997621 0.001320 0.068921 0.000000 0.006741 0.993156 -0.116603 17.815800 -0.068604 0.116790 0.990784 0.000000 0.000000 0.000000 0.000000 1.000000
0.997561 0.001891 0.069770 0.000000 0.005868 0.993822 -0.110834 17.815800 -0.069548 0.110973 0.991387 0.000000 0.000000 0.000000 0.000000 1.000000
0.997755 0.001586 0.066956 0.000000 0.005459 0.994467 -0.104908 17.815800 -0.066751 0.105038 0.992225 0.000000 0.000000 0.000000 0.000000 1.000000
0.998022 -0.000990 0.062865 0.000000 0.007309 0.994925 -0.100355 17.815800 -0.062447 0.100616 0.992964 0.000000 0.000000 0.000000 0.000000 1.000000
0.998212 -0.004859 0.059583 0.000000 0.010660 0.995185 -0.097430 17.815800 -0.058823 0.097891 0.993457 -0.000000 0.000000 0.000000 0.000000 1.000000
0.998282 -0.008829 0.057930 -0.000000 0.014315 0.995376 -0.094978 17.815800 -0.056823 0.095645 0.993792 0.000000 0.000000 0.000000 0.000000 1.000000
0.998245 -0.012937 0.057782 -0.000000 0.018216 0.995612 -0.091785 17.815800 -0.056342 0.092676 0.994101 0.000000 0.000000 0.000000 0.000000 1.000000
0.998144 -0.017532 0.058323 0.000000 0.022642 0.995850 -0.088150 17.815800 -0.056535 0.089307 0.994398 0.000000 0.000000 0.000000 0.000000 1.000000
