<?xml version="1.0" encoding="utf-8"?>
<COLLADA xmlns="http://www.collada.org/2005/11/COLLADASchema" version="1.4.1">
  <asset>
    <contributor>
      <author>Mixamo</author>
      <authoring_tool>COLLADA Mixamo exporter</authoring_tool>
      <comments/>
    </contributor>
    <created>2024-03-07T08:10:23Z</created>
    <modified>2024-03-07T08:10:23Z</modified>
    <revision/>
    <title/>
    <unit meter="0.010000"/>
    <up_axis>Y_UP</up_axis>
  </asset>
  <library_animations>
    <animation id="mixamorig_Hips-anim" name="mixamorig_Hips">
      <source id="mixamorig_Hips-Matrix-animation-input">
        <float_array id="mixamorig_Hips-Matrix-animation-input-array" count="53">

0.000000 0.033333 0.066667 0.100000 0.133333 0.166667 0.200000 0.233333 0.266667 0.300000 0.333333 0.366667 0.400000 0.433333 0.466667 0.500000
0.533333 0.566667 0.600000 0.633333 0.666667 0.700000 0.733333 0.766667 0.800000 0.833333 0.866667 0.900000 0.933333 0.966667 1.000000 1.033333
1.066667 1.100000 1.133333 1.166667 1.200000 1.233333 1.266667 1.300000 1.333333 1.366667 1.400000 1.433333 1.466667 1.500000 1.533333 1.566667
1.600000 1.633333 1.666667 1.700000 1.733333</float_array>
        <technique_common>
          <accessor source="#mixamorig_Hips-Matrix-animation-input-array" count="53">
            <param name="TIME" type="float"/>
          </accessor>
        </technique_common>
      </source>
      <source id="mixamorig_Hips-Matrix-animation-output-transform">
        <float_array id="mixamorig_Hips-Matrix-animation-output-transform-array" count="848">

0.815926 -0.020467 0.577794 -1.028582 -0.000156 0.999365 0.035620 71.578735 -0.578156 -0.029154 0.815405 1.647312 0.000000 0.000000 0.000000 1.000000
0.818559 -0.022806 0.573969 -1.191325 -0.002632 0.999052 0.043450 70.824059 -0.574416 -0.037078 0.817724 2.281353 0.000000 0.000000 0.000000 1.000000
0.814532 -0.026036 0.579534 -1.426800 -0.007675 0.998421 0.055641 69.813332 -0.580067 -0.049769 0.813047 3.589859 0.000000 0.000000 0.000000 1.000000
0.800082 -0.030431 0.599118 -1.929644 -0.013896 0.997504 0.069222 68.212219 -0.599729 -0.063708 0.797663 6.255755 0.000000 0.000000 0.000000 1.000000
0.772154 -0.031100 0.634674 -2.528905 -0.023591 0.996710 0.077542 66.397018 -0.634997 -0.074847 0.768880 9.920819 0.000000 0.000000 0.000000 1.000000
0.722945 -0.021608 0.690567 -2.935062 -0.035059 0.997076 0.067902 65.301590 -0.690015 -0.073300 0.720074 14.490602 0.000000 0.000000 0.000000 1.000000
0.657470 -0.005591 0.753460 -3.074735 -0.040871 0.998236 0.043071 65.432625 -0.752371 -0.059112 0.656082 18.913858 0.000000 0.000000 0.000000 1.000000
0.585105 0.010764 0.810886 -3.212074 -0.033591 0.999375 0.010972 66.539001 -0.810262 -0.033659 0.585101 22.779016 0.000000 0.000000 0.000000 1.000000
0.513387 0.022899 0.857851 -3.002672 -0.011415 0.999738 -0.019855 67.459129 -0.858081 0.000401 0.513514 25.800222 0.000000 0.000000 0.000000 1.000000
0.451293 0.029182 0.891898 -2.680498 0.021541 0.998818 -0.043580 67.684753 -0.892116 0.038880 0.450131 28.726727 0.000000 0.000000 0.000000 1.000000
0.409626 0.030007 0.911760 -3.098186 0.056069 0.996741 -0.057994 67.181259 -0.910529 0.074877 0.406609 33.045948 0.000000 0.000000 0.000000 1.000000
0.389713 0.027697 0.920520 -4.404673 0.080319 0.994717 -0.063934 65.670273 -0.917427 0.098851 0.385430 38.671509 0.000000 0.000000 0.000000 1.000000
0.383168 0.026008 0.923313 -6.164828 0.086916 0.994153 -0.064073 64.045212 -0.919580 0.104801 0.378667 43.075172 0.000000 0.000000 0.000000 1.000000
0.377151 0.026008 0.925786 -7.929072 0.082844 0.994651 -0.061692 62.249313 -0.922439 0.099963 0.372980 47.233044 0.000000 0.000000 0.000000 1.000000
0.371499 0.027267 0.928033 -9.333282 0.079504 0.994963 -0.061060 61.493412 -0.925023 0.096466 0.367460 50.521881 0.000000 0.000000 0.000000 1.000000
0.366254 0.029549 0.930045 -10.368257 0.082425 0.994536 -0.064057 61.363529 -0.926857 0.100120 0.361818 53.440178 0.000000 0.000000 0.000000 1.000000
0.361929 0.031273 0.931681 -10.854107 0.087684 0.993864 -0.067423 61.512794 -0.928073 0.106096 0.356966 55.540104 0.000000 0.000000 0.000000 1.000000
0.355823 0.028338 0.934123 -10.874286 0.090502 0.993797 -0.064622 61.573814 -0.930161 0.107534 0.351052 56.525688 0.000000 0.000000 0.000000 1.000000
0.346451 0.019572 0.937864 -10.531914 0.089255 0.994559 -0.053726 61.515530 -0.933812 0.102323 0.342819 56.448730 0.000000 0.000000 0.000000 1.000000
0.336084 0.008412 0.941795 -9.903339 0.084081 0.995699 -0.038898 61.510700 -0.938071 0.092260 0.333931 55.540112 0.000000 0.000000 0.000000 1.000000
0.329793 -0.002087 0.944051 -9.184708 0.074455 0.996940 -0.023806 61.764229 -0.941113 0.078141 0.328939 53.978848 0.000000 0.000000 0.000000 1.000000
0.332890 -0.010598 0.942906 -8.389531 0.059252 0.998196 -0.009700 62.456757 -0.941102 0.059098 0.332917 51.898258 0.000000 0.000000 0.000000 1.000000
0.348317 -0.014443 0.937265 -7.449410 0.038512 0.999258 0.001086 63.657585 -0.936585 0.035717 0.348615 49.296822 0.000000 0.000000 0.000000 1.000000
0.377781 -0.009370 0.925848 -6.346275 0.014612 0.999885 0.004157 65.439003 -0.925780 0.011958 0.377874 46.368938 0.000000 0.000000 0.000000 1.000000
0.421336 0.006166 0.906883 -5.217713 -0.008920 0.999957 -0.002654 67.547729 -0.906861 -0.006971 0.421373 43.188728 0.000000 0.000000 0.000000 1.000000
0.474541 0.027063 0.879817 -4.368957 -0.028902 0.999467 -0.015155 69.791496 -0.879759 -0.018236 0.475071 39.640518 0.000000 0.000000 0.000000 1.000000
0.526970 0.043666 0.848762 -3.866001 -0.042707 0.998778 -0.024868 71.908066 -0.848810 -0.023144 0.528191 35.981720 0.000000 0.000000 0.000000 1.000000
0.565970 0.049111 0.822962 -3.961464 -0.048398 0.998482 -0.026301 73.337982 -0.823004 -0.024945 0.567488 33.066650 0.000000 0.000000 0.000000 1.000000
0.585787 0.044824 0.809225 -4.457183 -0.046827 0.998673 -0.021420 74.105713 -0.809111 -0.025347 0.587109 30.850779 0.000000 0.000000 0.000000 1.000000
0.589389 0.035718 0.807059 -4.813842 -0.039181 0.999110 -0.015604 74.818619 -0.806899 -0.022425 0.590264 28.307606 0.000000 0.000000 0.000000 1.000000
0.583622 0.022187 0.811723 -4.970191 -0.022678 0.999682 -0.011019 75.314972 -0.811709 -0.011977 0.583939 25.427561 0.000000 0.000000 0.000000 1.000000
0.578150 0.005987 0.815908 -4.531872 -0.000700 0.999976 -0.006842 75.990562 -0.815930 0.003385 0.578141 21.980038 0.000000 0.000000 0.000000 1.000000
0.581246 -0.010719 0.813657 -3.787700 0.021924 0.999757 -0.002491 76.371216 -0.813432 0.019287 0.581340 18.767778 0.000000 0.000000 0.000000 1.000000
0.594773 -0.024524 0.803520 -3.253909 0.036729 0.999320 0.003313 75.996475 -0.803054 0.027542 0.595269 16.100864 0.000000 0.000000 0.000000 1.000000
0.615079 -0.033579 0.787750 -3.115183 0.037928 0.999196 0.012977 75.058136 -0.787553 0.021896 0.615858 14.098769 0.000000 0.000000 0.000000 1.000000
0.639590 -0.037456 0.767803 -2.962168 0.027246 0.999289 0.026053 74.109352 -0.768233 0.004257 0.640156 12.322458 0.000000 0.000000 0.000000 1.000000
0.667914 -0.037515 0.743293 -2.644282 0.013192 0.999169 0.038575 73.214111 -0.744122 -0.015959 0.667853 10.387569 0.000000 0.000000 0.000000 1.000000
0.697041 -0.035853 0.716134 -2.253558 0.001827 0.998835 0.048228 72.419922 -0.717029 -0.032308 0.696294 8.398148 0.000000 0.000000 0.000000 1.000000
0.720603 -0.033314 0.692547 -1.863787 -0.006433 0.998481 0.054724 71.957375 -0.693318 -0.043890 0.719294 6.421161 0.000000 0.000000 0.000000 1.000000
0.735206 -0.027620 0.677281 -1.414857 -0.014277 0.998317 0.056210 71.844131 -0.677693 -0.050995 0.733574 4.638031 0.000000 0.000000 0.000000 1.000000
0.745898 -0.015724 0.665874 -0.991616 -0.025029 0.998353 0.051613 72.250191 -0.665589 -0.055164 0.744277 3.137930 0.000000 0.000000 0.000000 1.000000
0.758859 -0.001065 0.651255 -0.642544 -0.036623 0.998346 0.044306 72.907715 -0.650225 -0.057473 0.757565 2.057610 0.000000 0.000000 0.000000 1.000000
0.774453 0.010023 0.632553 -0.441468 -0.044268 0.998282 0.038380 73.546059 -0.631081 -0.057725 0.773566 1.410128 0.000000 0.000000 0.000000 1.000000
0.788297 0.014984 0.615112 -0.366257 -0.045843 0.998355 0.034431 74.091263 -0.613584 -0.055341 0.787688 1.037082 0.000000 0.000000 0.000000 1.000000
0.796787 0.015106 0.604072 -0.349608 -0.042339 0.998626 0.030873 74.550529 -0.602776 -0.050175 0.796332 0.738282 0.000000 0.000000 0.000000 1.000000
0.799202 0.012295 0.600937 -0.361914 -0.035507 0.999010 0.026782 74.857018 -0.600013 -0.042742 0.798847 0.452369 0.000000 0.000000 0.000000 1.000000
0.797321 0.008223 0.603499 -0.387362 -0.027115 0.999386 0.022206 74.931671 -0.602946 -0.034070 0.797055 0.206311 0.000000 0.000000 0.000000 1.000000
0.792899 0.003245 0.609344 -0.420620 -0.018092 0.999670 0.018217 74.750763 -0.609084 -0.025469 0.792697 0.048892 0.000000 0.000000 0.000000 1.000000
0.789945 -0.002362 0.613174 -0.477456 -0.010011 0.999810 0.016748 74.333267 -0.613096 -0.019368 0.789771 0.053767 0.000000 0.000000 0.000000 1.000000
0.792540 -0.007898 0.609769 -0.545688 -0.004788 0.999805 0.019173 73.796638 -0.609801 -0.018115 0.792347 0.189343 0.000000 0.000000 0.000000 1.000000
0.800328 -0.013150 0.599418 -0.662168 -0.001950 0.999697 0.024535 73.109154 -0.599559 -0.020805 0.800060 0.559830 0.000000 0.000000 0.000000 1.000000
0.809290 -0.017415 0.587151 -0.850765 -0.000429 0.999543 0.030238 72.338524 -0.587409 -0.024724 0.808912 1.088082 0.000000 0.000000 0.000000 1.000000
0.815926 -0.020467 0.577793 -1.028569 -0.000156 0.999365 0.035620 71.578773 -0.578156 -0.029154 0.815405 1.647318 0.000000 0.000000 0.000000 1.000000</float_array>
        <technique_common>
          <accessor source="#mixamorig_Hips-Matrix-animation-output-transform-array" count="53" stride="16">
            <param type="float4x4"/>
          </accessor>
        </technique_common>
      </source>
      <source id="mixamorig_Hips-Interpolations">
        <Name_array id="mixamorig_Hips-Interpolations-array" count="53">
 LINEAR LINEAR LINEAR LINEAR LINEAR LINEAR LINEAR LINEAR LINEAR LINEAR LINEAR
LINEAR LINEAR LINEAR LINEAR LINEAR LINEAR LINEAR LINEAR LINEAR LINEAR LINEAR LINEAR
LINEAR LINEAR LINEAR LINEAR LINEAR LINEAR LINEAR LINEAR LINEAR LINEAR LINEAR LINEAR
LINEAR LINEAR LINEAR LINEAR LINEAR LINEAR LINEAR LINEAR LINEAR LINEAR LINEAR LINEAR
LINEAR LINEAR LINEAR LINEAR LINEAR LINEAR</Name_array>
        <technique_common>
          <accessor source="#mixamorig_Hips-Interpolations-array" count="53">
            <param type="name"/>
          </accessor>
        </technique_common>
      </source>
      <sampler id="mixamorig_Hips-Matrix-animation-transform">
        <input semantic="INPUT" source="#mixamorig_Hips-Matrix-animation-input"/>
        <input semantic="OUTPUT" source="#mixamorig_Hips-Matrix-animation-output-transform"/>
        <input semantic="INTERPOLATION" source="#mixamorig_Hips-Interpolations"/>
      </sampler>
      <channel source="#mixamorig_Hips-Matrix-animation-transform" target="mixamorig_Hips/matrix"/>
    </animation>
    <animation id="mixamorig_Spine-anim" name="mixamorig_Spine">
      <source id="mixamorig_Spine-Matrix-animation-input">
        <float_array id="mixamorig_Spine-Matrix-animation-input-array" count="53">

0.000000 0.033333 0.066667 0.100000 0.133333 0.166667 0.200000 0.233333 0.266667 0.300000 0.333333 0.366667 0.400000 0.433333 0.466667 0.500000
0.533333 0.566667 0.600000 0.633333 0.666667 0.700000 0.733333 0.766667 0.800000 0.833333 0.866667 0.900000 0.933333 0.966667 1.000000 1.033333
1.066667 1.100000 1.133333 1.166667 1.200000 1.233333 1.266667 1.300000 1.333333 1.366667 1.400000 1.433333 1.466667 1.500000 1.533333 1.566667
1.600000 1.633333 1.666667 1.700000 1.733333</float_array>
        <technique_common>
          <accessor source="#mixamorig_Spine-Matrix-animation-input-array" count="53">
            <param name="TIME" type="float"/>
          </accessor>
        </technique_common>
      </source>
      <source id="mixamorig_Spine-Matrix-animation-output-transform">
        <float_array id="mixamorig_Spine-Matrix-animation-output-transform-array" count="848">

0.999148 0.022324 -0.034726 0.000000 -0.026179 0.993040 -0.114834 13.784800 0.031921 0.115646 0.992778 0.064400 0.000000 0.000000 0.000000 1.000000
0.999073 0.021631 -0.037223 0.000000 -0.025937 0.992511 -0.119372 13.784800 0.034362 0.120226 0.992152 0.064400 0.000000 0.000000 0.000000 1.000000
0.998855 0.022943 -0.041979 0.000000 -0.028139 0.991415 -0.127687 13.784800 0.038689 0.128722 0.990926 0.064400 0.000000 0.000000 0.000000 1.000000
0.998377 0.025591 -0.050871 0.000000 -0.032427 0.989837 -0.138457 13.784800 0.046811 0.139882 0.989061 0.064400 0.000000 0.000000 0.000000 1.000000
0.997740 0.024503 -0.062560 0.000000 -0.033481 0.988605 -0.146764 13.784800 0.058251 0.148527 0.987191 0.064400 0.000000 0.000000 0.000000 1.000000
0.997358 0.017754 -0.070438 0.000000 -0.028117 0.988439 -0.148988 13.784800 0.066979 0.150575 0.986327 0.064400 0.000000 0.000000 0.000000 1.000000
0.997591 0.004067 -0.069245 0.000000 -0.014221 0.989067 -0.146782 13.784800 0.067891 0.147414 0.986742 0.064400 0.000000 0.000000 0.000000 1.000000
0.998177 -0.013693 -0.058778 0.000000 0.005046 0.989444 -0.144826 13.784800 0.060141 0.144266 0.987710 0.064400 0.000000 0.000000 0.000000 1.000000
0.998519 -0.031198 -0.044559 0.000000 0.024428 0.989111 -0.145133 13.784800 0.048602 0.143829 0.988408 0.064400 0.000000 0.000000 0.000000 1.000000
0.998713 -0.040919 -0.029972 0.000000 0.036164 0.988789 -0.144874 13.784800 0.035564 0.143604 0.988996 0.064400 0.000000 0.000000 0.000000 1.000000
0.999113 -0.038940 -0.016054 0.000000 0.036264 0.989146 -0.142388 13.784800 0.021424 0.141680 0.989681 0.064400 0.000000 0.000000 0.000000 1.000000
0.999468 -0.032305 -0.004506 -0.000000 0.031337 0.989349 -0.142151 13.784800 0.009050 0.141934 0.989835 0.064400 0.000000 0.000000 0.000000 1.000000
0.999433 -0.033219 0.005529 0.000000 0.033672 0.988046 -0.150437 13.784800 -0.000466 0.150538 0.988604 0.064400 0.000000 0.000000 0.000000 1.000000
0.999019 -0.043355 0.009035 0.000000 0.044255 0.985053 -0.166467 13.784800 -0.001683 0.166703 0.986006 0.064400 0.000000 0.000000 0.000000 1.000000
0.998473 -0.054862 0.006417 0.000000 0.055114 0.981765 -0.181934 13.784800 0.003681 0.182010 0.983290 0.064400 0.000000 0.000000 0.000000 1.000000
0.998187 -0.060140 -0.002534 0.000000 0.058563 0.980015 -0.190108 13.784800 0.013916 0.189614 0.981760 0.064400 0.000000 0.000000 0.000000 1.000000
0.998170 -0.059278 -0.011946 -0.000000 0.055892 0.979825 -0.191884 13.784800 0.023080 0.190865 0.981345 0.064400 0.000000 0.000000 0.000000 1.000000
0.998181 -0.057591 -0.017818 0.000000 0.053113 0.979964 -0.191964 13.784800 0.028517 0.190668 0.981240 0.064400 0.000000 0.000000 0.000000 1.000000
0.998153 -0.057515 -0.019576 0.000000 0.052693 0.979920 -0.192301 13.784800 0.030244 0.190914 0.981141 0.064400 0.000000 0.000000 0.000000 1.000000
0.998184 -0.057066 -0.019312 0.000000 0.052329 0.980109 -0.191435 13.784800 0.029852 0.190077 0.981315 0.064400 0.000000 0.000000 0.000000 1.000000
0.998348 -0.053957 -0.019727 -0.000000 0.049296 0.980906 -0.188133 13.784800 0.029502 0.186850 0.981945 0.064400 0.000000 0.000000 0.000000 1.000000
0.998591 -0.048435 -0.021661 0.000000 0.043671 0.982160 -0.182904 13.784800 0.030134 0.181700 0.982892 0.064400 0.000000 0.000000 0.000000 1.000000
0.998755 -0.043159 -0.025020 0.000000 0.038085 0.983582 -0.176397 13.784800 0.032223 0.175225 0.984001 0.064400 0.000000 0.000000 0.000000 1.000000
0.998792 -0.039524 -0.029189 0.000000 0.034069 0.985161 -0.168220 13.784800 0.035404 0.167023 0.985317 0.064400 0.000000 0.000000 0.000000 1.000000
0.998810 -0.036052 -0.032840 0.000000 0.030431 0.986975 -0.157971 13.784800 0.038107 0.156784 0.986897 0.064400 0.000000 0.000000 0.000000 1.000000
0.998940 -0.031010 -0.034022 0.000000 0.025681 0.988776 -0.147184 13.784800 0.038204 0.146154 0.988524 0.064400 0.000000 0.000000 0.000000 1.000000
0.999163 -0.025088 -0.032312 -0.000000 0.020343 0.989996 -0.139623 13.784800 0.035492 0.138849 0.989677 0.064400 0.000000 0.000000 0.000000 1.000000
0.999345 -0.019640 -0.030411 0.000000 0.015249 0.990257 -0.138414 13.784800 0.032833 0.137860 0.989907 0.064400 0.000000 0.000000 0.000000 1.000000
0.999461 -0.015490 -0.028961 0.000000 0.011201 0.989689 -0.142792 13.784800 0.030874 0.142391 0.989329 0.064400 0.000000 0.000000 0.000000 1.000000
0.999573 -0.012497 -0.026406 0.000000 0.008436 0.988851 -0.148666 13.784800 0.027970 0.148380 0.988535 0.064400 0.000000 0.000000 0.000000 1.000000
0.999702 -0.007665 -0.023186 0.000000 0.004054 0.988378 -0.151962 13.784800 0.024082 0.151822 0.988114 0.064400 0.000000 0.000000 0.000000 1.000000
0.999811 -0.003506 -0.019125 0.000000 0.000573 0.988497 -0.151237 13.784800 0.019435 0.151197 0.988313 0.064400 0.000000 0.000000 0.000000 1.000000
0.999876 -0.000458 -0.015766 -0.000000 -0.001878 0.989014 -0.147809 13.784800 0.015661 0.147820 0.988890 0.064400 0.000000 0.000000 0.000000 1.000000
0.999895 0.000793 -0.014458 0.000000 -0.002874 0.989502 -0.144493 13.784800 0.014191 0.144520 0.989400 0.064400 0.000000 0.000000 0.000000 1.000000
0.999874 -0.000600 -0.015854 0.000000 -0.001675 0.989716 -0.143035 13.784800 0.015777 0.143043 0.989591 0.064400 0.000000 0.000000 0.000000 1.000000
0.999806 -0.004524 -0.019162 0.000000 0.001747 0.989788 -0.142539 13.784800 0.019611 0.142478 0.989604 0.064400 0.000000 0.000000 0.000000 1.000000
0.999702 -0.006815 -0.023423 0.000000 0.003446 0.990006 -0.140983 13.784800 0.024150 0.140860 0.989735 0.064400 0.000000 0.000000 0.000000 1.000000
0.999595 -0.003877 -0.028199 0.000000 -0.000044 0.990467 -0.137747 13.784800 0.028464 0.137693 0.990066 0.064400 0.000000 0.000000 0.000000 1.000000
0.999456 0.003106 -0.032844 0.000000 -0.007473 0.990995 -0.133692 13.784800 0.032133 0.133865 0.990478 0.064400 0.000000 0.000000 0.000000 1.000000
0.999256 0.010127 -0.037201 0.000000 -0.014861 0.991496 -0.129283 13.784800 0.035575 0.129740 0.990910 0.064400 0.000000 0.000000 0.000000 1.000000
0.999113 0.014041 -0.039688 0.000000 -0.018870 0.992095 -0.124058 13.784800 0.037633 0.124697 0.991481 0.064400 0.000000 0.000000 0.000000 1.000000
0.999066 0.016326 -0.040003 0.000000 -0.020944 0.992806 -0.117884 13.784800 0.037790 0.118612 0.992221 0.064400 0.000000 0.000000 0.000000 1.000000
0.999056 0.019303 -0.038915 0.000000 -0.023550 0.993450 -0.111811 13.784800 0.036502 0.112622 0.992967 0.064400 0.000000 0.000000 0.000000 1.000000
0.999042 0.022923 -0.037277 -0.000000 -0.026807 0.993867 -0.107280 13.784800 0.034589 0.108176 0.993530 0.064400 0.000000 0.000000 0.000000 1.000000
0.999032 0.025750 -0.035675 -0.000000 -0.029364 0.994057 -0.104822 13.784800 0.032764 0.105768 0.993851 0.064400 0.000000 0.000000 0.000000 1.000000
0.999040 0.027115 -0.034413 0.000000 -0.030553 0.994141 -0.103682 13.784800 0.031400 0.104634 0.994015 0.064400 0.000000 0.000000 0.000000 1.000000
0.999052 0.027686 -0.033607 -0.000000 -0.031007 0.994230 -0.102691 13.784800 0.030570 0.103635 0.994145 0.064400 0.000000 0.000000 0.000000 1.000000
0.999054 0.028163 -0.033122 0.000000 -0.031399 0.994325 -0.101647 13.784800 0.030072 0.102591 0.994269 0.064400 0.000000 0.000000 0.000000 1.000000
0.999058 0.028418 -0.032787 -0.000000 -0.031621 0.994313 -0.101699 13.784800 0.029710 0.102640 0.994275 0.064400 0.000000 0.000000 0.000000 1.000000
0.999099 0.027496 -0.032320 -0.000000 -0.030722 0.994104 -0.103985 13.784800 0.029270 0.104885 0.994054 0.064400 0.000000 0.000000 0.000000 1.000000
0.999146 0.025772 -0.032301 0.000000 -0.029121 0.993732 -0.107931 13.784800 0.029317 0.108780 0.993633 0.064400 0.000000 0.000000 0.000000 1.000000
0.999168 0.023833 -0.033099 0.000000 -0.027396 0.993361 -0.111725 13.784800 0.030217 0.112539 0.993188 0.064400 0.000000 0.000000 0.000000 1.000000
0.999148 0.022324 -0.034726 -0.000000 -0.026179 0.993040 -0.114834 13.784800 0.031921 0.115646 0.992777 0.064400 0.000000 0.000000 0.000000 1.000000</float_array>
        <technique_common>
          <accessor source="#mixamorig_Spine-Matrix-animation-output-transform-array" count="53" stride="16">
            <param type="float4x4"/>
          </accessor>
        </technique_common>
      </source>
      <source id="mixamorig_Spine-Interpolations">
        <Name_array id="mixamorig_Spine-Interpolations-array" count="53">
 LINEAR LINEAR LINEAR LINEAR LINEAR LINEAR LINEAR LINEAR LINEAR LINEAR LINEAR
LINEAR LINEAR LINEAR LINEAR LINEAR LINEAR LINEAR LINEAR LINEAR LINEAR LINEAR LINEAR
LINEAR LINEAR LINEAR LINEAR LINEAR LINEAR LINEAR LINEAR LINEAR LINEAR LINEAR LINEAR
LINEAR LINEAR LINEAR LINEAR LINEAR LINEAR LINEAR LINEAR LINEAR LINEAR LINEAR LINEAR
LINEAR LINEAR LINEAR LINEAR LINEAR LINEAR</Name_array>
        <technique_common>
          <accessor source="#mixamorig_Spine-Interpolations-array" count="53">
            <param type="name"/>
          </accessor>
        </technique_common>
      </source>
      <sampler id="mixamorig_Spine-Matrix-animation-transform">
        <input semantic="INPUT" source="#mixamorig_Spine-Matrix-animation-input"/>
        <input semantic="OUTPUT" source="#mixamorig_Spine-Matrix-animation-output-transform"/>
        <input semantic="INTERPOLATION" source="#mixamorig_Spine-Interpolations"/>
      </sampler>
      <channel source="#mixamorig_Spine-Matrix-animation-transform" target="mixamorig_Spine/matrix"/>
    </animation>
    <animation id="mixamorig_Spine1-anim" name="mixamorig_Spine1">
      <source id="mixamorig_Spine1-Matrix-animation-input">
        <float_array id="mixamorig_Spine1-Matrix-animation-input-array" count="53">

0.000000 0.033333 0.066667 0.100000 0.133333 0.166667 0.200000 0.233333 0.266667 0.300000 0.333333 0.366667 0.400000 0.433333 0.466667 0.500000
0.533333 0.566667 0.600000 0.633333 0.666667 0.700000 0.733333 0.766667 0.800000 0.833333 0.866667 0.900000 0.933333 0.966667 1.000000 1.033333
1.066667 1.100000 1.133333 1.166667 1.200000 1.233333 1.266667 1.300000 1.333333 1.366667 1.400000 1.433333 1.466667 1.500000 1.533333 1.566667
1.600000 1.633333 1.666667 1.700000 1.733333</float_array>
        <technique_common>
          <accessor source="#mixamorig_Spine1-Matrix-animation-input-array" count="53">
            <param name="TIME" type="float"/>
          </accessor>
        </technique_common>
      </source>
      <source id="mixamorig_Spine1-Matrix-animation-output-transform">
        <float_array id="mixamorig_Spine1-Matrix-animation-output-transform-array" count="848">

0.998503 0.017391 -0.051853 0.000000 -0.023413 0.992751 -0.117883 12.024300 0.049427 0.118921 0.991673 0.000000 0.000000 0.000000 0.000000 1.000000
0.998383 0.015976 -0.054547 0.000000 -0.022566 0.992220 -0.122434 12.024300 0.052167 0.123467 0.990977 0.000000 0.000000 0.000000 0.000000 1.000000
0.998084 0.015598 -0.059871 0.000000 -0.023289 0.991242 -0.129990 12.024300 0.057319 0.131136 0.989706 0.000000 0.000000 0.000000 0.000000 1.000000
0.997542 0.013749 -0.068712 0.000000 -0.023238 0.989981 -0.139274 12.024300 0.066109 0.140528 0.987867 -0.000000 0.000000 0.000000 0.000000 1.000000
0.996773 0.007096 -0.079952 0.000000 -0.018684 0.989235 -0.145139 12.024300 0.078062 0.146164 0.986176 0.000000 0.000000 0.000000 0.000000 1.000000
0.996013 -0.005022 -0.089072 0.000000 -0.007895 0.989534 -0.144084 12.024300 0.088863 0.144212 0.985549 0.000000 0.000000 0.000000 0.000000 1.000000
0.995760 -0.019242 -0.089956 -0.000000 0.006597 0.990297 -0.138809 12.024300 0.091755 0.137627 0.986225 0.000000 0.000000 0.000000 0.000000 1.000000
0.996378 -0.030912 -0.079213 0.000000 0.019921 0.990515 -0.135955 12.024300 0.082664 0.133884 0.987543 0.000000 0.000000 0.000000 0.000000 1.000000
0.997575 -0.036957 -0.058972 0.000000 0.028406 0.989778 -0.139760 12.024300 0.063534 0.137746 0.988428 0.000000 0.000000 0.000000 0.000000 1.000000
0.998759 -0.035347 -0.035098 0.000000 0.029844 0.988759 -0.146511 12.024300 0.039882 0.145282 0.988586 0.000000 0.000000 0.000000 0.000000 1.000000
0.999537 -0.027929 -0.012113 0.000000 0.025784 0.988215 -0.150886 12.024300 0.016185 0.150504 0.988477 0.000000 0.000000 0.000000 0.000000 1.000000
0.999718 -0.022091 0.008719 -0.000000 0.023170 0.987818 -0.153882 12.024300 -0.005213 0.154040 0.988051 0.000000 0.000000 0.000000 0.000000 1.000000
0.999319 -0.025940 0.026236 0.000000 0.029858 0.986325 -0.162083 12.024300 -0.021673 0.162756 0.986428 -0.000000 0.000000 0.000000 0.000000 1.000000
0.998563 -0.039616 0.036098 0.000000 0.045445 0.982900 -0.178443 12.024300 -0.028411 0.179827 0.983288 0.000000 0.000000 0.000000 0.000000 1.000000
0.997945 -0.054686 0.033387 0.000000 0.060223 0.978473 -0.197392 12.024300 -0.021874 0.198997 0.979756 0.000000 0.000000 0.000000 0.000000 1.000000
0.997814 -0.063271 0.019063 0.000000 0.065872 0.975273 -0.210957 12.024300 -0.005244 0.211752 0.977309 0.000000 0.000000 0.000000 0.000000 1.000000
0.997879 -0.065082 0.001436 0.000000 0.063843 0.974089 -0.216965 12.024300 0.012722 0.216597 0.976178 0.000000 0.000000 0.000000 0.000000 1.000000
0.997836 -0.064873 -0.010740 0.000000 0.060960 0.973868 -0.218780 12.024300 0.024653 0.217652 0.975715 0.000000 0.000000 0.000000 0.000000 1.000000
0.997713 -0.065765 -0.015589 -0.000000 0.060762 0.973784 -0.219211 12.024300 0.029597 0.217763 0.975553 0.000000 0.000000 0.000000 0.000000 1.000000
0.997600 -0.066990 -0.017525 0.000000 0.061574 0.973991 -0.218059 12.024300 0.031677 0.216457 0.975778 0.000000 0.000000 0.000000 0.000000 1.000000
0.997538 -0.066864 -0.021137 -0.000000 0.060791 0.974796 -0.214657 12.024300 0.034957 0.212844 0.976461 0.000000 0.000000 0.000000 0.000000 1.000000
0.997456 -0.065838 -0.027341 0.000000 0.058687 0.976067 -0.209402 12.024300 0.040473 0.207265 0.977447 0.000000 0.000000 0.000000 0.000000 1.000000
0.997220 -0.066077 -0.034447 0.000000 0.057783 0.977588 -0.202443 12.024300 0.047052 0.199890 0.978688 0.000000 0.000000 0.000000 0.000000 1.000000
0.996836 -0.068316 -0.040622 0.000000 0.059259 0.979419 -0.192942 12.024300 0.052967 0.189924 0.980369 -0.000000 0.000000 0.000000 0.000000 1.000000
0.996555 -0.069851 -0.044715 0.000000 0.060706 0.981684 -0.180587 12.024300 0.056510 0.177250 0.982542 0.000000 0.000000 0.000000 0.000000 1.000000
0.996689 -0.066996 -0.046067 0.000000 0.058414 0.984152 -0.167432 12.024300 0.056554 0.164187 0.984807 0.000000 0.000000 0.000000 0.000000 1.000000
0.997206 -0.059811 -0.044757 0.000000 0.052069 0.986119 -0.157667 12.024300 0.053566 0.154896 0.986477 -0.000000 0.000000 0.000000 0.000000 1.000000
0.997739 -0.052467 -0.042003 0.000000 0.045388 0.986925 -0.154658 12.024300 0.049568 0.152402 0.987075 -0.000000 0.000000 0.000000 0.000000 1.000000
0.998065 -0.047988 -0.039550 0.000000 0.041182 0.986604 -0.157851 12.024300 0.046595 0.155916 0.986671 -0.000000 0.000000 0.000000 0.000000 1.000000
0.998297 -0.044104 -0.038175 0.000000 0.037324 0.985921 -0.162992 12.024300 0.044826 0.161290 0.985889 0.000000 0.000000 0.000000 0.000000 1.000000
0.998694 -0.035356 -0.036894 0.000000 0.028799 0.985846 -0.165162 12.024300 0.042212 0.163884 0.985576 0.000000 0.000000 0.000000 0.000000 1.000000
0.999224 -0.019575 -0.034167 0.000000 0.013791 0.986699 -0.161971 12.024300 0.036884 0.161374 0.986204 -0.000000 0.000000 0.000000 0.000000 1.000000
0.999545 -0.002002 -0.030099 -0.000000 -0.002694 0.987884 -0.155171 12.024300 0.030045 0.155182 0.987429 0.000000 0.000000 0.000000 0.000000 1.000000
0.999601 0.008202 -0.027037 -0.000000 -0.012150 0.988722 -0.149266 12.024300 0.025508 0.149535 0.988427 0.000000 0.000000 0.000000 0.000000 1.000000
0.999604 0.006282 -0.027441 -0.000000 -0.010257 0.989048 -0.147240 12.024300 0.026215 0.147463 0.988720 0.000000 0.000000 0.000000 0.000000 1.000000
0.999496 -0.003651 -0.031538 0.000000 -0.001046 0.989040 -0.147645 12.024300 0.031731 0.147604 0.988537 0.000000 0.000000 0.000000 0.000000 1.000000
0.999208 -0.012531 -0.037763 0.000000 0.006851 0.989120 -0.146953 12.024300 0.039194 0.146578 0.988422 0.000000 0.000000 0.000000 0.000000 1.000000
0.998887 -0.014314 -0.044946 0.000000 0.007701 0.989549 -0.143990 12.024300 0.046538 0.143483 0.988558 0.000000 0.000000 0.000000 0.000000 1.000000
0.998553 -0.010164 -0.052799 0.000000 0.002661 0.990109 -0.140273 12.024300 0.053703 0.139929 0.988704 -0.000000 0.000000 0.000000 0.000000 1.000000
0.998164 -0.005500 -0.060323 0.000000 -0.002804 0.990606 -0.136720 12.024300 0.060508 0.136638 0.988771 0.000000 0.000000 0.000000 0.000000 1.000000
0.997861 -0.003892 -0.065255 0.000000 -0.004793 0.991182 -0.132421 12.024300 0.065195 0.132450 0.989043 0.000000 0.000000 0.000000 0.000000 1.000000
0.997815 -0.004320 -0.065927 0.000000 -0.004080 0.991925 -0.126759 12.024300 0.065943 0.126751 0.989740 0.000000 0.000000 0.000000 0.000000 1.000000
0.998003 -0.003749 -0.063048 0.000000 -0.003905 0.992664 -0.120841 12.024300 0.063038 0.120846 0.990668 -0.000000 0.000000 0.000000 0.000000 1.000000
0.998255 -0.000917 -0.059038 -0.000000 -0.005962 0.993203 -0.116240 12.024300 0.058744 0.116389 0.991465 -0.000000 0.000000 0.000000 0.000000 1.000000
0.998427 0.003100 -0.055984 -0.000000 -0.009435 0.993522 -0.113248 12.024300 0.055271 0.113598 0.991988 0.000000 0.000000 0.000000 0.000000 1.000000
0.998481 0.007102 -0.054642 0.000000 -0.013129 0.993763 -0.110741 12.024300 0.053514 0.111290 0.992346 0.000000 0.000000 0.000000 0.000000 1.000000
0.998435 0.011171 -0.054802 -0.000000 -0.017024 0.994056 -0.107529 12.024300 0.053275 0.108294 0.992690 0.000000 0.000000 0.000000 0.000000 1.000000
0.998329 0.015706 -0.055603 -0.000000 -0.021431 0.994356 -0.103911 12.024300 0.053657 0.104929 0.993031 0.000000 0.000000 0.000000 0.000000 1.000000
0.998248 0.019979 -0.055700 0.000000 -0.025592 0.994460 -0.101955 12.024300 0.053354 0.103202 0.993228 0.000000 0.000000 0.000000 0.000000 1.000000
0.998274 0.022408 -0.054293 -0.000000 -0.027956 0.994218 -0.103678 12.024300 0.051656 0.105016 0.993128 -0.000000 0.000000 0.000000 0.000000 1.000000
0.998391 0.022151 -0.052198 0.000000 -0.027723 0.993702 -0.108576 12.024300 0.049465 0.109848 0.992717 0.000000 0.000000 0.000000 0.000000 1.000000
0.998495 0.019929 -0.051103 0.000000 -0.025649 0.993167 -0.113850 12.024300 0.048484 0.114989 0.992183 0.000000 0.000000 0.000000 0.000000 1.000000
0.998503 0.017391 -0.051853 0.000000 -0.023413 0.992751 -0.117883 12.024300 0.049427 0.118921 0.991673 -0.000000 0.000000 0.000000 0.000000 1.000000</float_array>
        <technique_common>
          <accessor source="#mixamorig_Spine1-Matrix-animation-output-transform-array" count="53" stride="16">
            <param type="float4x4"/>
          </accessor>
        </technique_common>
      </source>
      <source id="mixamorig_Spine1-Interpolations">
        <Name_array id="mixamorig_Spine1-Interpolations-array" count="53">
 LINEAR LINEAR LINEAR LINEAR LINEAR LINEAR LINEAR LINEAR LINEAR LINEAR LINEAR
LINEAR LINEAR LINEAR LINEAR LINEAR LINEAR LINEAR LINEAR LINEAR LINEAR LINEAR LINEAR
LINEAR LINEAR LINEAR LINEAR LINEAR LINEAR LINEAR LINEAR LINEAR LINEAR LINEAR LINEAR
LINEAR LINEAR LINEAR LINEAR LINEAR LINEAR LINEAR LINEAR LINEAR LINEAR LINEAR LINEAR
LINEAR LINEAR LINEAR LINEAR LINEAR LINEAR</Name_array>
        <technique_common>
          <accessor source="#mixamorig_Spine1-Interpolations-array" count="53">
            <param type="name"/>
          </accessor>
        </technique_common>
      </source>
      <sampler id="mixamorig_Spine1-Matrix-animation-transform">
        <input semantic="INPUT" source="#mixamorig_Spine1-Matrix-animation-input"/>
        <input semantic="OUTPUT" source="#mixamorig_Spine1-Matrix-animation-output-transform"/>
        <input semantic="INTERPOLATION" source="#mixamorig_Spine1-Interpolations"/>
      </sampler>
      <channel source="#mixamorig_Spine1-Matrix-animation-transform" target="mixamorig_Spine1/matrix"/>
    </animation>
    <animation id="mixamorig_Spine2-anim" name="mixamorig_Spine2">
      <source id="mixamorig_Spine2-Matrix-animation-input">
        <float_array id="mixamorig_Spine2-Matrix-animation-input-array" count="53">

0.000000 0.033333 0.066667 0.100000 0.133333 0.166667 0.200000 0.233333 0.266667 0.300000 0.333333 0.366667 0.400000 0.433333 0.466667 0.500000
0.533333 0.566667 0.600000 0.633333 0.666667 0.700000 0.733333 0.766667 0.800000 0.833333 0.866667 0.900000 0.933333 0.966667 1.000000 1.033333
1.066667 1.100000 1.133333 1.166667 1.200000 1.233333 1.266667 1.300000 1.333333 1.366667 1.400000 1.433333 1.466667 1.500000 1.533333 1.566667
1.600000 1.633333 1.666667 1.700000 1.733333</float_array>
        <technique_common>
          <accessor source="#mixamorig_Spine2-Matrix-animation-input-array" count="53">
            <param name="TIME" type="float"/>
          </accessor>
        </technique_common>
      </source>
      <source id="mixamorig_Spine2-Matrix-animation-output-transform">
        <float_array id="mixamorig_Spine2-Matrix-animation-output-transform-array" count="848">

0.998349 0.019244 -0.054114 -0.000000 -0.024713 0.994447 -0.102294 17.815800 0.051845 0.103463 0.993281 -0.000000 0.000000 0.000000 0.000000 1.000000
0.998219 0.018041 -0.056858 0.000000 -0.024048 0.993989 -0.106802 17.815800 0.054589 0.107979 0.992653 0.000000 0.000000 0.000000 0.000000 1.000000
0.997904 0.018151 -0.062120 0.000000 -0.025177 0.993130 -0.114272 17.815800 0.059619 0.115597 0.991505 0.000000 0.000000 0.000000 0.000000 1.000000
0.997348 0.017169 -0.070727 0.000000 -0.025834 0.992010 -0.123483 17.815800 0.068042 0.124983 0.989823 0.000000 0.000000 0.000000 0.000000 1.000000
0.996595 0.011627 -0.081623 0.000000 -0.022166 0.991342 -0.129422 17.815800 0.079412 0.130791 0.988224 0.000000 0.000000 0.000000 0.000000 1.000000
0.995906 0.000441 -0.090396 0.000000 -0.012123 0.991605 -0.128732 17.815800 0.089580 0.129301 0.987551 0.000000 0.000000 0.000000 0.000000 1.000000
0.995772 -0.013513 -0.090861 0.000000 0.002140 0.992265 -0.124119 17.815800 0.091835 0.123399 0.988099 -0.000000 0.000000 0.000000 0.000000 1.000000
0.996510 -0.025784 -0.079392 0.000000 0.015959 0.992403 -0.121993 17.815800 0.081934 0.120300 0.989351 0.000000 0.000000 0.000000 0.000000 1.000000
0.997768 -0.033103 -0.057986 0.000000 0.025566 0.991674 -0.126209 17.815800 0.061681 0.124445 0.990307 -0.000000 0.000000 0.000000 0.000000 1.000000
0.998906 -0.032988 -0.033131 0.000000 0.028310 0.990728 -0.132875 17.815800 0.037207 0.131792 0.990579 0.000000 0.000000 0.000000 0.000000 1.000000
0.999587 -0.026951 -0.010009 0.000000 0.025329 0.990268 -0.136851 17.815800 0.013600 0.136541 0.990541 0.000000 0.000000 0.000000 0.000000 1.000000
0.999698 -0.022310 0.010318 0.000000 0.023531 0.989954 -0.139420 17.815800 -0.007104 0.139621 0.990180 0.000000 0.000000 0.000000 0.000000 1.000000
0.999252 -0.027162 0.027536 -0.000000 0.030931 0.988614 -0.147263 17.815800 -0.023223 0.148005 0.988714 0.000000 0.000000 0.000000 0.000000 1.000000
0.998430 -0.041405 0.037713 0.000000 0.047037 0.985443 -0.163372 17.815800 -0.030400 0.164889 0.985843 0.000000 0.000000 0.000000 0.000000 1.000000
0.997784 -0.056236 0.035547 0.000000 0.061803 0.981290 -0.182347 17.815800 -0.024627 0.184140 0.982591 0.000000 0.000000 0.000000 0.000000 1.000000
0.997731 -0.063802 0.021505 0.000000 0.066788 0.978267 -0.196296 17.815800 -0.008514 0.197287 0.980309 -0.000000 0.000000 0.000000 0.000000 1.000000
0.997918 -0.064382 0.003842 0.000000 0.063822 0.977134 -0.202820 17.815800 0.009303 0.202643 0.979208 -0.000000 0.000000 0.000000 0.000000 1.000000
0.997956 -0.063332 -0.008503 -0.000000 0.060249 0.976907 -0.204994 17.815800 0.021289 0.204063 0.978726 0.000000 0.000000 0.000000 0.000000 1.000000
0.997863 -0.063908 -0.013640 -0.000000 0.059750 0.976820 -0.205555 17.815800 0.026460 0.204301 0.978550 0.000000 0.000000 0.000000 0.000000 1.000000
0.997749 -0.065076 -0.016167 0.000000 0.060412 0.977019 -0.204413 17.815800 0.029098 0.202976 0.978751 0.000000 0.000000 0.000000 0.000000 1.000000
0.997677 -0.064871 -0.020799 -0.000000 0.059388 0.977793 -0.200984 17.815800 0.033375 0.199281 0.979374 0.000000 0.000000 0.000000 0.000000 1.000000
0.997567 -0.063679 -0.028375 0.000000 0.056930 0.979019 -0.195653 17.815800 0.040238 0.193561 0.980263 0.000000 0.000000 0.000000 0.000000 1.000000
0.997284 -0.063739 -0.036913 0.000000 0.055687 0.980485 -0.188540 17.815800 0.048210 0.185972 0.981372 0.000000 0.000000 0.000000 0.000000 1.000000
0.996848 -0.065874 -0.044221 0.000000 0.056975 0.982229 -0.178830 17.815800 0.055216 0.175746 0.982886 0.000000 0.000000 0.000000 0.000000 1.000000
0.996521 -0.067447 -0.048959 -0.000000 0.058456 0.984351 -0.166238 17.815800 0.059405 0.162798 0.984869 -0.000000 0.000000 0.000000 0.000000 1.000000
0.996620 -0.064778 -0.050518 -0.000000 0.056381 0.986640 -0.152849 17.815800 0.059745 0.149484 0.986957 -0.000000 0.000000 0.000000 0.000000 1.000000
0.997119 -0.057827 -0.049092 0.000000 0.050287 0.988455 -0.142926 17.815800 0.056790 0.140045 0.988515 -0.000000 0.000000 0.000000 0.000000 1.000000
0.997660 -0.050609 -0.045977 0.000000 0.043732 0.989198 -0.139912 17.815800 0.052561 0.137574 0.989096 -0.000000 0.000000 0.000000 0.000000 1.000000
0.998009 -0.046094 -0.043043 -0.000000 0.039496 0.988902 -0.143224 17.815800 0.049167 0.141239 0.988754 -0.000000 0.000000 0.000000 0.000000 1.000000
0.998262 -0.042114 -0.041223 0.000000 0.035561 0.988277 -0.148475 17.815800 0.046993 0.146751 0.988057 -0.000000 0.000000 0.000000 0.000000 1.000000
0.998659 -0.033371 -0.039591 0.000000 0.027050 0.988219 -0.150636 17.815800 0.044151 0.149363 0.987796 0.000000 0.000000 0.000000 0.000000 1.000000
0.999176 -0.017783 -0.036492 0.000000 0.012220 0.989010 -0.147341 17.815800 0.038711 0.146773 0.988412 0.000000 0.000000 0.000000 0.000000 1.000000
0.999490 -0.000510 -0.031926 0.000000 -0.003981 0.990080 -0.140450 17.815800 0.031681 0.140505 0.989573 0.000000 0.000000 0.000000 0.000000 1.000000
0.999553 0.009486 -0.028346 0.000000 -0.013218 0.990821 -0.134531 17.815800 0.026809 0.134846 0.990504 -0.000000 0.000000 0.000000 0.000000 1.000000
0.999565 0.007592 -0.028491 0.000000 -0.011306 0.991112 -0.132546 17.815800 0.027232 0.132811 0.990767 0.000000 0.000000 0.000000 0.000000 1.000000
0.999461 -0.002111 -0.032764 0.000000 -0.002266 0.991117 -0.132977 17.815800 0.032754 0.132980 0.990577 -0.000000 0.000000 0.000000 0.000000 1.000000
0.999162 -0.010695 -0.039514 0.000000 0.005381 0.991206 -0.132221 17.815800 0.040581 0.131897 0.990432 -0.000000 0.000000 0.000000 0.000000 1.000000
0.998804 -0.012208 -0.047347 0.000000 0.006003 0.991620 -0.129053 17.815800 0.048526 0.128614 0.990507 0.000000 0.000000 0.000000 0.000000 1.000000
0.998413 -0.007820 -0.055774 -0.000000 0.000788 0.992154 -0.125018 17.815800 0.056314 0.124776 0.990586 0.000000 0.000000 0.000000 0.000000 1.000000
0.997964 -0.002974 -0.063712 0.000000 -0.004776 0.992624 -0.121138 17.815800 0.063602 0.121196 0.990589 -0.000000 0.000000 0.000000 0.000000 1.000000
0.997621 -0.001320 -0.068921 0.000000 -0.006741 0.993156 -0.116603 17.815800 0.068604 0.116790 0.990784 -0.000000 0.000000 0.000000 0.000000 1.000000
0.997561 -0.001891 -0.069770 -0.000000 -0.005868 0.993822 -0.110834 17.815800 0.069548 0.110973 0.991387 0.000000 0.000000 0.000000 0.000000 1.000000
0.997755 -0.001586 -0.066956 0.000000 -0.005459 0.994467 -0.104908 17.815800 0.066752 0.105038 0.992225 0.000000 0.000000 0.000000 0.000000 1.000000
0.998022 0.000990 -0.062865 0.000000 -0.007309 0.994925 -0.100355 17.815800 0.062447 0.100616 0.992964 0.000000 0.000000 0.000000 0.000000 1.000000
0.998212 0.004859 -0.059583 -0.000000 -0.010660 0.995185 -0.097430 17.815800 0.058823 0.097891 0.993457 0.000000 0.000000 0.000000 0.000000 1.000000
0.998282 0.008829 -0.057929 0.000000 -0.014315 0.995376 -0.094978 17.815800 0.056823 0.095645 0.993792 0.000000 0.000000 0.000000 0.000000 1.000000
0.998245 0.012937 -0.057782 0.000000 -0.018215 0.995612 -0.091785 17.815800 0.056341 0.092676 0.994101 -0.000000 0.000000 0.000000 0.000000 1.000000
0.998144 0.017532 -0.058323 0.000000 -0.022642 0.995850 -0.088150 17.815800 0.056535 0.089307 0.994398 -0.000000 0.000000 0.000000 0.000000 1.000000
