<?xml version="1.0" encoding="utf-8"?>
<COLLADA xmlns="http://www.collada.org/2005/11/COLLADASchema" version="1.4.1">
  <asset>
    <contributor>
      <author>Mixamo</author>
      <authoring_tool>COLLADA Mixamo exporter</authoring_tool>
      <comments/>
    </contributor>
    <created>2024-03-07T08:14:40Z</created>
    <modified>2024-03-07T08:14:40Z</modified>
    <revision/>
    <title/>
    <unit meter="0.010000"/>
    <up_axis>Y_UP</up_axis>
  </asset>
  <library_animations>
    <animation id="mixamorig_Hips-anim" name="mixamorig_Hips">
      <source id="mixamorig_Hips-Matrix-animation-input">
        <float_array id="mixamorig_Hips-Matrix-animation-input-array" count="65">

0.000000 0.033333 0.066667 0.100000 0.133333 0.166667 0.200000 0.233333 0.266667 0.300000 0.333333 0.366667 0.400000 0.433333 0.466667 0.500000
0.533333 0.566667 0.600000 0.633333 0.666667 0.700000 0.733333 0.766667 0.800000 0.833333 0.866667 0.900000 0.933333 0.966667 1.000000 1.033333
1.066667 1.100000 1.133333 1.166667 1.200000 1.233333 1.266667 1.300000 1.333333 1.366667 1.400000 1.433333 1.466667 1.500000 1.533333 1.566667
1.600000 1.633333 1.666667 1.700000 1.733333 1.766667 1.800000 1.833333 1.866667 1.900000 1.933333 1.966667 2.000000 2.033333 2.066667 2.100000
2.133333</float_array>
        <technique_common>
          <accessor source="#mixamorig_Hips-Matrix-animation-input-array" count="65">
            <param name="TIME" type="float"/>
          </accessor>
        </technique_common>
      </source>
      <source id="mixamorig_Hips-Matrix-animation-output-transform">
        <float_array id="mixamorig_Hips-Matrix-animation-output-transform-array" count="1040">

0.690199 0.003333 -0.723612 -0.462872 0.063280 0.995880 0.064945 71.259537 0.720847 -0.090615 0.687145 0.524740 0.000000 0.000000 0.000000 1.000000
0.689440 0.001628 -0.724340 -0.382228 0.064421 0.995897 0.063555 71.031120 0.721472 -0.090481 0.686507 1.266247 0.000000 0.000000 0.000000 1.000000
0.687446 0.002253 -0.726232 -0.169692 0.063224 0.996013 0.062936 70.524055 0.723479 -0.089180 0.684562 2.294757 0.000000 0.000000 0.000000 1.000000
0.681752 0.004591 -0.731569 0.072896 0.063008 0.995896 0.064967 69.737358 0.728865 -0.090386 0.678665 3.444237 0.000000 0.000000 0.000000 1.000000
0.670249 0.009743 -0.742073 0.431752 0.064145 0.995411 0.071006 68.481926 0.739359 -0.095192 0.666548 4.853070 0.000000 0.000000 0.000000 1.000000
0.650073 0.016956 -0.759683 0.915197 0.068109 0.994427 0.080478 66.713860 0.756814 -0.104058 0.645295 6.643847 0.000000 0.000000 0.000000 1.000000
0.620296 0.021744 -0.784066 1.416816 0.075044 0.993385 0.086918 64.783615 0.780769 -0.112755 0.614561 8.756384 0.000000 0.000000 0.000000 1.000000
0.579838 0.020782 -0.814467 1.889032 0.084680 0.992723 0.085617 63.244896 0.810319 -0.118613 0.573858 10.996715 0.000000 0.000000 0.000000 1.000000
0.529714 0.014142 -0.848059 2.401462 0.095031 0.992576 0.075910 62.343670 0.842836 -0.120802 0.524437 13.308314 0.000000 0.000000 0.000000 1.000000
0.473341 0.006488 -0.880855 2.866504 0.100655 0.993025 0.061403 61.823631 0.875109 -0.117727 0.469387 15.721869 0.000000 0.000000 0.000000 1.000000
0.420685 0.005996 -0.907187 2.889622 0.091148 0.994639 0.048841 61.493423 0.902616 -0.103235 0.417883 18.427364 0.000000 0.000000 0.000000 1.000000
0.388452 0.015573 -0.921337 2.786393 0.062148 0.997138 0.043057 61.129410 0.919371 -0.073985 0.386372 21.708130 0.000000 0.000000 0.000000 1.000000
0.395369 0.031032 -0.917998 3.008277 0.022024 0.998822 0.043250 60.870663 0.918258 -0.037317 0.394219 25.859764 0.000000 0.000000 0.000000 1.000000
0.451493 0.044898 -0.891144 3.605092 -0.011695 0.998945 0.044405 60.806175 0.892198 -0.009627 0.451542 30.543800 0.000000 0.000000 0.000000 1.000000
0.549920 0.054245 -0.833454 4.123000 -0.029297 0.998527 0.045658 60.875717 0.834703 -0.000690 0.550700 35.492813 0.000000 0.000000 0.000000 1.000000
0.673082 0.055628 -0.737473 4.379827 -0.027753 0.998365 0.049977 61.037460 0.739047 -0.013171 0.673525 40.193577 0.000000 0.000000 0.000000 1.000000
0.793102 0.046997 -0.607273 4.648386 -0.012834 0.998087 0.060480 61.135040 0.608954 -0.040173 0.792188 44.383743 0.000000 0.000000 0.000000 1.000000
0.884006 0.029196 -0.466562 5.125837 0.005858 0.997278 0.073505 61.308090 0.467438 -0.067712 0.881429 47.693546 0.000000 0.000000 0.000000 1.000000
0.939114 0.002848 -0.343595 5.632090 0.025521 0.996626 0.078012 61.749428 0.342658 -0.082031 0.935872 50.272198 0.000000 0.000000 0.000000 1.000000
0.968704 -0.026114 -0.246841 6.251358 0.044298 0.996674 0.068403 62.708183 0.244233 -0.077197 0.966639 52.856209 0.000000 0.000000 0.000000 1.000000
0.984424 -0.045787 -0.169746 6.734094 0.055227 0.997155 0.051312 63.866344 0.166913 -0.059887 0.984151 55.284626 0.000000 0.000000 0.000000 1.000000
0.992769 -0.048800 -0.109675 6.848454 0.053174 0.997888 0.037315 64.885139 0.107622 -0.042877 0.993267 57.123459 0.000000 0.000000 0.000000 1.000000
0.996226 -0.038041 -0.078012 6.692224 0.040556 0.998699 0.030917 65.777672 0.076734 -0.033964 0.996473 58.282757 0.000000 0.000000 0.000000 1.000000
0.996076 -0.020688 -0.086054 6.368273 0.023281 0.999301 0.029240 66.559715 0.085389 -0.031129 0.995861 58.831959 0.000000 0.000000 0.000000 1.000000
0.991301 0.000456 -0.131617 6.002006 0.003396 0.999573 0.029035 67.280144 0.131574 -0.029230 0.990875 58.957558 0.000000 0.000000 0.000000 1.000000
0.978532 0.025191 -0.204550 5.677116 -0.018986 0.999300 0.032242 67.811066 0.205219 -0.027666 0.978325 58.666943 0.000000 0.000000 0.000000 1.000000
0.953784 0.052403 -0.295889 5.429048 -0.041303 0.998193 0.043644 68.087631 0.297642 -0.029406 0.954225 57.929226 0.000000 0.000000 0.000000 1.000000
0.914528 0.079385 -0.396657 5.332793 -0.058855 0.996233 0.063685 68.186142 0.400218 -0.034897 0.915755 56.834232 0.000000 0.000000 0.000000 1.000000
0.862978 0.104052 -0.494410 5.476347 -0.069817 0.993735 0.087275 68.175919 0.500394 -0.040798 0.864836 55.552368 0.000000 0.000000 0.000000 1.000000
0.806899 0.125480 -0.577207 5.880983 -0.075984 0.991107 0.109238 68.078613 0.585781 -0.044286 0.809258 54.167370 0.000000 0.000000 0.000000 1.000000
0.755926 0.143333 -0.638773 6.410873 -0.078973 0.988577 0.128367 67.824440 0.649876 -0.046590 0.758611 52.718842 0.000000 0.000000 0.000000 1.000000
0.716308 0.156677 -0.679967 6.912758 -0.077361 0.986290 0.145763 67.379997 0.693483 -0.051809 0.718608 51.243565 0.000000 0.000000 0.000000 1.000000
0.688871 0.163491 -0.706206 7.241654 -0.068108 0.984522 0.161487 66.710556 0.721677 -0.063145 0.689344 49.720188 0.000000 0.000000 0.000000 1.000000
0.671506 0.162310 -0.723004 7.225231 -0.050023 0.983419 0.174312 65.745789 0.739309 -0.080885 0.668491 47.931316 0.000000 0.000000 0.000000 1.000000
0.661519 0.155263 -0.733680 6.872250 -0.027863 0.982746 0.182848 64.639099 0.749411 -0.100515 0.654431 45.716671 0.000000 0.000000 0.000000 1.000000
0.657098 0.143197 -0.740078 6.407258 -0.007016 0.982910 0.183953 63.858673 0.753772 -0.115683 0.646873 43.116570 0.000000 0.000000 0.000000 1.000000
0.656218 0.124309 -0.744262 5.840113 0.011345 0.984600 0.174453 63.406219 0.754486 -0.122923 0.644702 40.074696 0.000000 0.000000 0.000000 1.000000
0.655706 0.098305 -0.748589 5.430255 0.029090 0.987462 0.155155 63.265598 0.754456 -0.123512 0.644625 36.542149 0.000000 0.000000 0.000000 1.000000
0.655885 0.068526 -0.751744 4.701458 0.047019 0.990229 0.131288 63.554943 0.753395 -0.121456 0.646254 32.588116 0.000000 0.000000 0.000000 1.000000
0.660937 0.047669 -0.748925 4.085734 0.053989 0.992374 0.110810 65.032013 0.748496 -0.113673 0.653324 29.681288 0.000000 0.000000 0.000000 1.000000
0.667769 0.038006 -0.743398 3.776233 0.049578 0.994207 0.095363 66.987991 0.742716 -0.100536 0.662017 27.241407 0.000000 0.000000 0.000000 1.000000
0.675550 0.035346 -0.736466 3.360548 0.038839 0.995758 0.083417 70.386505 0.736290 -0.084956 0.671312 24.374805 0.000000 0.000000 0.000000 1.000000
0.677791 0.036714 -0.734337 3.128735 0.025467 0.996981 0.073351 73.554131 0.734813 -0.068418 0.674810 21.846184 0.000000 0.000000 0.000000 1.000000
0.667850 0.037093 -0.743371 3.107111 0.013493 0.997990 0.061921 75.808594 0.744173 -0.051384 0.666007 19.465675 0.000000 0.000000 0.000000 1.000000
0.643117 0.031074 -0.765137 2.912346 0.009919 0.998754 0.048899 76.968544 0.765704 -0.039037 0.642008 16.509449 0.000000 0.000000 0.000000 1.000000
0.610521 0.025147 -0.791601 2.597846 0.011623 0.999104 0.040704 77.602142 0.791915 -0.034051 0.609681 13.454365 0.000000 0.000000 0.000000 1.000000
0.586322 0.026607 -0.809641 2.468210 0.013979 0.998979 0.042953 77.902611 0.809957 -0.036502 0.585352 10.871407 0.000000 0.000000 0.000000 1.000000
0.585300 0.028445 -0.810318 2.271191 0.022300 0.998442 0.051156 77.177605 0.810510 -0.048011 0.583754 8.596689 0.000000 0.000000 0.000000 1.000000
0.607853 0.023244 -0.793709 2.076642 0.036583 0.997690 0.057235 75.370560 0.793206 -0.063827 0.605599 6.260263 0.000000 0.000000 0.000000 1.000000
0.639297 0.013008 -0.768850 1.798184 0.051834 0.996854 0.059965 72.972351 0.767211 -0.078189 0.636611 3.768475 0.000000 0.000000 0.000000 1.000000
0.663568 0.007026 -0.748083 1.551930 0.063306 0.995842 0.065507 70.741493 0.745433 -0.090827 0.660364 1.393482 0.000000 0.000000 0.000000 1.000000
0.676063 0.011973 -0.736747 1.366755 0.068267 0.994550 0.078807 69.231979 0.733675 -0.103574 0.671561 -0.394807 0.000000 0.000000 0.000000 1.000000
0.681789 0.022383 -0.731206 1.364115 0.069786 0.992983 0.095466 68.517151 0.728212 -0.116115 0.675443 -1.419783 0.000000 0.000000 0.000000 1.000000
0.685500 0.024199 -0.727670 1.161683 0.076521 0.991518 0.105059 68.771568 0.724040 -0.127700 0.677834 -2.117294 0.000000 0.000000 0.000000 1.000000
0.687177 0.018574 -0.726253 0.809423 0.083536 0.991022 0.104387 69.502090 0.721672 -0.132400 0.679456 -2.482343 0.000000 0.000000 0.000000 1.000000
0.685905 0.011257 -0.727604 0.388577 0.086800 0.991476 0.097165 70.520210 0.722496 -0.129802 0.679081 -2.659520 0.000000 0.000000 0.000000 1.000000
0.684116 0.005666 -0.729351 0.004085 0.086013 0.992366 0.088388 71.590157 0.724283 -0.123201 0.678406 -2.700377 0.000000 0.000000 0.000000 1.000000
0.684884 0.001594 -0.728651 -0.297204 0.082413 0.993411 0.079636 72.440666 0.723977 -0.114592 0.680240 -2.564311 0.000000 0.000000 0.000000 1.000000
0.686439 -0.000961 -0.727187 -0.548588 0.076734 0.994512 0.071119 72.968681 0.723128 -0.104619 0.682745 -2.274925 0.000000 0.000000 0.000000 1.000000
0.687896 -0.000972 -0.725809 -0.709307 0.069398 0.995506 0.064439 73.100372 0.722484 -0.094697 0.684872 -1.858427 0.000000 0.000000 0.000000 1.000000
0.688997 0.001286 -0.724763 -0.764643 0.062550 0.996162 0.061230 72.894783 0.722060 -0.087521 0.686272 -1.400690 0.000000 0.000000 0.000000 1.000000
0.689926 0.003822 -0.723870 -0.755638 0.059012 0.996361 0.061505 72.510956 0.721471 -0.085151 0.687190 -1.011726 0.000000 0.000000 0.000000 1.000000
0.690635 0.005053 -0.723186 -0.652031 0.059174 0.996228 0.063472 72.049217 0.720779 -0.086630 0.687730 -0.634457 0.000000 0.000000 0.000000 1.000000
0.690667 0.004957 -0.723156 -0.549077 0.060982 0.996016 0.065070 71.560188 0.720597 -0.089041 0.687613 -0.103035 0.000000 0.000000 0.000000 1.000000
0.690199 0.003333 -0.723612 -0.462874 0.063280 0.995880 0.064945 71.259537 0.720848 -0.090615 0.687145 0.524737 0.000000 0.000000 0.000000 1.000000</float_array>
        <technique_common>
          <accessor source="#mixamorig_Hips-Matrix-animation-output-transform-array" count="65" stride="16">
            <param type="float4x4"/>
          </accessor>
        </technique_common>
      </source>
      <source id="mixamorig_Hips-Interpolations">
        <Name_array id="mixamorig_Hips-Interpolations-array" count="65">
 LINEAR LINEAR LINEAR LINEAR LINEAR LINEAR LINEAR LINEAR LINEAR LINEAR LINEAR
LINEAR LINEAR LINEAR LINEAR LINEAR LINEAR LINEAR LINEAR LINEAR LINEAR LINEAR LINEAR
LINEAR LINEAR LINEAR LINEAR LINEAR LINEAR LINEAR LINEAR LINEAR LINEAR LINEAR LINEAR
LINEAR LINEAR LINEAR LINEAR LINEAR LINEAR LINEAR LINEAR LINEAR LINEAR LINEAR LINEAR
LINEAR LINEAR LINEAR LINEAR LINEAR LINEAR LINEAR LINEAR LINEAR LINEAR LINEAR LINEAR
LINEAR LINEAR LINEAR LINEAR LINEAR LINEAR</Name_array>
        <technique_common>
          <accessor source="#mixamorig_Hips-Interpolations-array" count="65">
            <param type="name"/>
          </accessor>
        </technique_common>
      </source>
      <sampler id="mixamorig_Hips-Matrix-animation-transform">
        <input semantic="INPUT" source="#mixamorig_Hips-Matrix-animation-input"/>
        <input semantic="OUTPUT" source="#mixamorig_Hips-Matrix-animation-output-transform"/>
        <input semantic="INTERPOLATION" source="#mixamorig_Hips-Interpolations"/>
      </sampler>
      <channel source="#mixamorig_Hips-Matrix-animation-transform" target="mixamorig_Hips/matrix"/>
    </animation>
    <animation id="mixamorig_Spine-anim" name="mixamorig_Spine">
      <source id="mixamorig_Spine-Matrix-animation-input">
        <float_array id="mixamorig_Spine-Matrix-animation-input-array" count="65">

0.000000 0.033333 0.066667 0.100000 0.133333 0.166667 0.200000 0.233333 0.266667 0.300000 0.333333 0.366667 0.400000 0.433333 0.466667 0.500000
0.533333 0.566667 0.600000 0.633333 0.666667 0.700000 0.733333 0.766667 0.800000 0.833333 0.866667 0.900000 0.933333 0.966667 1.000000 1.033333
1.066667 1.100000 1.133333 1.166667 1.200000 1.233333 1.266667 1.300000 1.333333 1.366667 1.400000 1.433333 1.466667 1.500000 1.533333 1.566667
1.600000 1.633333 1.666667 1.700000 1.733333 1.766667 1.800000 1.833333 1.866667 1.900000 1.933333 1.966667 2.000000 2.033333 2.066667 2.100000
2.133333</float_array>
        <technique_common>
          <accessor source="#mixamorig_Spine-Matrix-animation-input-array" count="65">
            <param name="TIME" type="float"/>
          </accessor>
        </technique_common>
      </source>
      <source id="mixamorig_Spine-Matrix-animation-output-transform">
        <float_array id="mixamorig_Spine-Matrix-animation-output-transform-array" count="1040">

0.991469 0.032007 0.126352 -0.000000 -0.006669 0.980569 -0.196062 13.784800 -0.130172 0.193546 0.972417 0.064400 0.000000 0.000000 0.000000 1.000000
0.991480 0.035108 0.125438 -0.000000 -0.009178 0.979429 -0.201580 13.784800 -0.129935 0.198712 0.971407 0.064400 0.000000 0.000000 0.000000 1.000000
0.991204 0.032625 0.128261 0.000000 -0.005433 0.978353 -0.206872 13.784800 -0.132234 0.204356 0.969924 0.064400 0.000000 0.000000 0.000000 1.000000
0.990318 0.026213 0.136322 0.000000 0.003535 0.976929 -0.213535 13.784800 -0.138774 0.211949 0.967378 0.064400 0.000000 0.000000 0.000000 1.000000
0.988296 0.020027 0.151231 0.000000 0.015075 0.973672 -0.227456 13.784800 -0.151804 0.227073 0.961974 0.064400 0.000000 0.000000 0.000000 1.000000
0.985801 0.015866 0.167168 0.000000 0.025917 0.969221 -0.244826 13.784800 -0.165907 0.245682 0.955047 0.064400 0.000000 0.000000 0.000000 1.000000
0.983813 0.014028 0.178649 0.000000 0.033325 0.965219 -0.259308 13.784800 -0.176073 0.261064 0.949128 0.064400 0.000000 0.000000 0.000000 1.000000
0.983480 0.014639 0.180422 0.000000 0.034962 0.962595 -0.268679 13.784800 -0.177607 0.270548 0.946181 0.064400 0.000000 0.000000 0.000000 1.000000
0.985311 0.019403 0.169665 0.000000 0.028400 0.961070 -0.274842 13.784800 -0.168393 0.275624 0.946401 0.064400 0.000000 0.000000 0.000000 1.000000
0.988606 0.030425 0.147419 0.000000 0.011967 0.960374 -0.278459 13.784800 -0.150050 0.277050 0.949067 0.064400 0.000000 0.000000 0.000000 1.000000
0.992852 0.038901 0.112835 0.000000 -0.006660 0.961978 -0.273047 13.784800 -0.119166 0.270343 0.955361 0.064400 0.000000 0.000000 0.000000 1.000000
0.997569 0.033915 0.060870 -0.000000 -0.017567 0.967751 -0.251294 13.784800 -0.067430 0.249614 0.965995 0.064400 0.000000 0.000000 0.000000 1.000000
0.999818 0.017312 -0.007997 0.000000 -0.018636 0.975947 -0.217211 13.784800 0.004045 0.217320 0.976092 0.064400 0.000000 0.000000 0.000000 1.000000
0.997227 0.012177 -0.073415 0.000000 -0.025691 0.982204 -0.186054 13.784800 0.069842 0.187424 0.979793 0.064400 0.000000 0.000000 0.000000 1.000000
0.994460 0.032853 -0.099853 0.000000 -0.049580 0.984203 -0.169962 13.784800 0.092692 0.173971 0.980379 0.064400 0.000000 0.000000 0.000000 1.000000
0.994845 0.074813 -0.068464 -0.000000 -0.085910 0.980459 -0.176974 13.784800 0.053887 0.181943 0.981831 0.064400 0.000000 0.000000 0.000000 1.000000
0.993862 0.109281 0.017212 0.000000 -0.103261 0.972206 -0.210127 13.784800 -0.039697 0.207059 0.977523 0.064400 0.000000 0.000000 0.000000 1.000000
0.984487 0.108121 0.138184 0.000000 -0.069722 0.963793 -0.257376 13.784800 -0.161008 0.243749 0.956380 0.064400 0.000000 0.000000 0.000000 1.000000
0.960067 0.087787 0.265640 0.000000 -0.008246 0.957962 -0.286778 13.784800 -0.279648 0.273135 0.920431 0.064400 0.000000 0.000000 0.000000 1.000000
0.927326 0.083944 0.364719 0.000000 0.025274 0.958250 -0.284813 13.784800 -0.373401 0.273333 0.886488 0.064400 0.000000 0.000000 0.000000 1.000000
0.903932 0.106799 0.414126 0.000000 0.012550 0.961277 -0.275297 13.784800 -0.427491 0.254047 0.867589 0.064400 0.000000 0.000000 0.000000 1.000000
0.901201 0.139808 0.410233 0.000000 -0.020707 0.959350 -0.281458 13.784800 -0.432907 0.245156 0.867462 0.064400 0.000000 0.000000 0.000000 1.000000
0.914235 0.167043 0.369150 0.000000 -0.049545 0.950315 -0.307321 13.784800 -0.402145 0.262674 0.877087 0.064400 0.000000 0.000000 0.000000 1.000000
0.930672 0.186160 0.314950 -0.000000 -0.073574 0.938510 -0.337322 13.784800 -0.358380 0.290764 0.887142 0.064400 0.000000 0.000000 0.000000 1.000000
0.944477 0.198837 0.261584 0.000000 -0.097553 0.929907 -0.354621 13.784800 -0.313761 0.309413 0.897673 0.064400 0.000000 0.000000 0.000000 1.000000
0.956809 0.201631 0.209430 0.000000 -0.116476 0.925922 -0.359307 13.784800 -0.266363 0.319394 0.909416 0.064400 0.000000 0.000000 0.000000 1.000000
0.968358 0.193408 0.157719 0.000000 -0.125159 0.923123 -0.363566 13.784800 -0.215911 0.332322 0.918120 0.064400 0.000000 0.000000 0.000000 1.000000
0.977077 0.180501 0.112875 0.000000 -0.126775 0.919277 -0.372637 13.784800 -0.171025 0.349785 0.921087 0.064400 0.000000 0.000000 0.000000 1.000000
0.982298 0.167498 0.083872 0.000000 -0.123614 0.916024 -0.381601 13.784800 -0.140746 0.364478 0.920514 0.064400 0.000000 0.000000 0.000000 1.000000
0.985478 0.152773 0.074113 0.000000 -0.113040 0.915959 -0.385020 13.784800 -0.126705 0.371051 0.919928 0.064400 0.000000 0.000000 0.000000 1.000000
0.987944 0.133810 0.077851 0.000000 -0.094284 0.918934 -0.382975 13.784800 -0.122785 0.371018 0.920472 0.064400 0.000000 0.000000 0.000000 1.000000
0.990006 0.113029 0.084332 0.000000 -0.073078 0.922631 -0.378698 13.784800 -0.120612 0.368750 0.921670 0.064400 0.000000 0.000000 0.000000 1.000000
0.991470 0.097627 0.086346 0.000000 -0.058527 0.925451 -0.374319 13.784800 -0.116453 0.366072 0.923271 0.064400 0.000000 0.000000 0.000000 1.000000
0.992152 0.092482 0.084156 -0.000000 -0.055071 0.927426 -0.369929 13.784800 -0.112260 0.362391 0.925241 0.064400 0.000000 0.000000 0.000000 1.000000
0.992084 0.093750 0.083553 -0.000000 -0.057288 0.929942 -0.363217 13.784800 -0.111751 0.355555 0.927951 0.064400 0.000000 0.000000 0.000000 1.000000
0.991591 0.094393 0.088526 0.000000 -0.057788 0.935062 -0.349742 13.784800 -0.115791 0.341686 0.932654 0.064400 0.000000 0.000000 0.000000 1.000000
0.990817 0.089352 0.101480 0.000000 -0.051652 0.943737 -0.326637 13.784800 -0.124957 0.318396 0.939686 0.064400 0.000000 0.000000 0.000000 1.000000
0.989604 0.074664 0.122916 0.000000 -0.035187 0.954400 -0.296449 13.784800 -0.139445 0.289042 0.947106 0.064400 0.000000 0.000000 0.000000 1.000000
0.988244 0.051198 0.144055 -0.000000 -0.011278 0.964104 -0.265284 13.784800 -0.152466 0.260541 0.953348 0.064400 0.000000 0.000000 0.000000 1.000000
0.988042 0.017609 0.153174 0.000000 0.018760 0.972345 -0.232796 13.784800 -0.153037 0.232886 0.960387 0.064400 0.000000 0.000000 0.000000 1.000000
0.988698 -0.002597 0.149899 0.000000 0.034270 0.977292 -0.209106 13.784800 -0.145952 0.211880 0.966336 0.064400 0.000000 0.000000 0.000000 1.000000
0.990703 0.013201 0.135401 0.000000 0.016812 0.975772 -0.218143 13.784800 -0.135000 0.218392 0.966478 0.064400 0.000000 0.000000 0.000000 1.000000
0.992107 0.030832 0.121547 0.000000 -0.002087 0.973227 -0.229837 13.784800 -0.125379 0.227769 0.965609 0.064400 0.000000 0.000000 0.000000 1.000000
0.992322 0.039380 0.117242 -0.000000 -0.011403 0.973049 -0.230315 13.784800 -0.123152 0.227210 0.966028 0.064400 0.000000 0.000000 0.000000 1.000000
0.991491 0.043842 0.122573 -0.000000 -0.016221 0.975852 -0.217832 13.784800 -0.129163 0.213990 0.968259 0.064400 0.000000 0.000000 0.000000 1.000000
0.990648 0.039828 0.130501 0.000000 -0.012927 0.979543 -0.200819 13.784800 -0.135830 0.197253 0.970897 0.064400 0.000000 0.000000 0.000000 1.000000
0.990912 0.022703 0.132585 0.000000 0.002765 0.982009 -0.188812 13.784800 -0.134486 0.187463 0.973022 0.064400 0.000000 0.000000 0.000000 1.000000
0.992130 0.007563 0.124981 0.000000 0.015766 0.982683 -0.184624 13.784800 -0.124213 0.185141 0.974830 0.064400 0.000000 0.000000 0.000000 1.000000
0.993585 0.009650 0.112674 0.000000 0.011563 0.982462 -0.186104 13.784800 -0.112494 0.186213 0.976048 0.064400 0.000000 0.000000 0.000000 1.000000
0.994121 0.027347 0.104764 -0.000000 -0.006535 0.980970 -0.194050 13.784800 -0.108077 0.192224 0.975381 0.064400 0.000000 0.000000 0.000000 1.000000
0.993517 0.039480 0.106612 0.000000 -0.016259 0.977469 -0.210450 13.784800 -0.112519 0.207352 0.971774 0.064400 0.000000 0.000000 0.000000 1.000000
0.993057 0.026802 0.114539 0.000000 0.000582 0.972567 -0.232622 13.784800 -0.117632 0.231073 0.965799 0.064400 0.000000 0.000000 0.000000 1.000000
0.992695 -0.002982 0.120614 0.000000 0.033469 0.967267 -0.251543 13.784800 -0.115915 0.253742 0.960301 0.064400 0.000000 0.000000 0.000000 1.000000
0.992408 -0.020387 0.121285 -0.000000 0.051187 0.965162 -0.256598 13.784800 -0.111828 0.260859 0.958878 0.064400 0.000000 0.000000 0.000000 1.000000
0.992450 -0.019823 0.121035 -0.000000 0.049229 0.968251 -0.245083 13.784800 -0.112334 0.249191 0.961917 0.064400 0.000000 0.000000 0.000000 1.000000
0.992498 -0.010324 0.121826 -0.000000 0.038046 0.973034 -0.227500 13.784800 -0.116193 0.230429 0.966127 0.064400 0.000000 0.000000 0.000000 1.000000
0.992571 -0.001912 0.121655 0.000000 0.028042 0.976553 -0.213444 13.784800 -0.118394 0.215269 0.969351 0.064400 0.000000 0.000000 0.000000 1.000000
0.992843 0.002801 0.119393 0.000000 0.021762 0.978743 -0.203934 13.784800 -0.117426 0.205073 0.971677 0.064400 0.000000 0.000000 0.000000 1.000000
0.993129 0.004614 0.116937 -0.000000 0.018483 0.980499 -0.195654 13.784800 -0.115560 0.196471 0.973676 0.064400 0.000000 0.000000 0.000000 1.000000
0.993095 0.004706 0.117220 0.000000 0.017412 0.982214 -0.186953 13.784800 -0.116015 0.187704 0.975350 0.064400 0.000000 0.000000 0.000000 1.000000
0.992666 0.004407 0.120805 -0.000000 0.017544 0.983503 -0.180041 13.784800 -0.119605 0.180840 0.976213 0.064400 0.000000 0.000000 0.000000 1.000000
0.992095 0.006468 0.125320 0.000000 0.016180 0.983742 -0.178859 13.784800 -0.124439 0.179472 0.975861 0.064400 0.000000 0.000000 0.000000 1.000000
0.991652 0.013774 0.128204 0.000000 0.010199 0.982785 -0.184474 13.784800 -0.128538 0.184241 0.974440 0.064400 0.000000 0.000000 0.000000 1.000000
0.991510 0.023002 0.127982 0.000000 0.001836 0.981656 -0.190650 13.784800 -0.130020 0.189267 0.973280 0.064400 0.000000 0.000000 0.000000 1.000000
0.991469 0.032007 0.126353 0.000000 -0.006669 0.980569 -0.196062 13.784800 -0.130173 0.193546 0.972417 0.064400 0.000000 0.000000 0.000000 1.000000</float_array>
        <technique_common>
          <accessor source="#mixamorig_Spine-Matrix-animation-output-transform-array" count="65" stride="16">
            <param type="float4x4"/>
          </accessor>
        </technique_common>
      </source>
      <source id="mixamorig_Spine-Interpolations">
        <Name_array id="mixamorig_Spine-Interpolations-array" count="65">
 LINEAR LINEAR LINEAR LINEAR LINEAR LINEAR LINEAR LINEAR LINEAR LINEAR LINEAR
LINEAR LINEAR LINEAR LINEAR LINEAR LINEAR LINEAR LINEAR LINEAR LINEAR LINEAR LINEAR
LINEAR LINEAR LINEAR LINEAR LINEAR LINEAR LINEAR LINEAR LINEAR LINEAR LINEAR LINEAR
LINEAR LINEAR LINEAR LINEAR LINEAR LINEAR LINEAR LINEAR LINEAR LINEAR LINEAR LINEAR
LINEAR LINEAR LINEAR LINEAR LINEAR LINEAR LINEAR LINEAR LINEAR LINEAR LINEAR LINEAR
LINEAR LINEAR LINEAR LINEAR LINEAR LINEAR</Name_array>
        <technique_common>
          <accessor source="#mixamorig_Spine-Interpolations-array" count="65">
            <param type="name"/>
          </accessor>
        </technique_common>
      </source>
      <sampler id="mixamorig_Spine-Matrix-animation-transform">
        <input semantic="INPUT" source="#mixamorig_Spine-Matrix-animation-input"/>
        <input semantic="OUTPUT" source="#mixamorig_Spine-Matrix-animation-output-transform"/>
        <input semantic="INTERPOLATION" source="#mixamorig_Spine-Interpolations"/>
      </sampler>
      <channel source="#mixamorig_Spine-Matrix-animation-transform" target="mixamorig_Spine/matrix"/>
    </animation>
    <animation id="mixamorig_Spine1-anim" name="mixamorig_Spine1">
      <source id="mixamorig_Spine1-Matrix-animation-input">
        <float_array id="mixamorig_Spine1-Matrix-animation-input-array" count="65">

0.000000 0.033333 0.066667 0.100000 0.133333 0.166667 0.200000 0.233333 0.266667 0.300000 0.333333 0.366667 0.400000 0.433333 0.466667 0.500000
0.533333 0.566667 0.600000 0.633333 0.666667 0.700000 0.733333 0.766667 0.800000 0.833333 0.866667 0.900000 0.933333 0.966667 1.000000 1.033333
1.066667 1.100000 1.133333 1.166667 1.200000 1.233333 1.266667 1.300000 1.333333 1.366667 1.400000 1.433333 1.466667 1.500000 1.533333 1.566667
1.600000 1.633333 1.666667 1.700000 1.733333 1.766667 1.800000 1.833333 1.866667 1.900000 1.933333 1.966667 2.000000 2.033333 2.066667 2.100000
2.133333</float_array>
        <technique_common>
          <accessor source="#mixamorig_Spine1-Matrix-animation-input-array" count="65">
            <param name="TIME" type="float"/>
          </accessor>
        </technique_common>
      </source>
      <source id="mixamorig_Spine1-Matrix-animation-output-transform">
        <float_array id="mixamorig_Spine1-Matrix-animation-output-transform-array" count="1040">

0.999723 0.016390 0.016885 -0.000000 -0.015904 0.999466 -0.028558 12.024300 -0.017344 0.028282 0.999449 -0.000000 0.000000 0.000000 0.000000 1.000000
0.999737 0.015635 0.016786 0.000000 -0.015150 0.999475 -0.028640 12.024300 -0.017225 0.028378 0.999449 0.000000 0.000000 0.000000 0.000000 1.000000
0.999732 0.015606 0.017115 0.000000 -0.015122 0.999493 -0.028031 12.024300 -0.017544 0.027765 0.999461 0.000000 0.000000 0.000000 0.000000 1.000000
0.999696 0.016720 0.018097 0.000000 -0.016241 0.999522 -0.026303 12.024300 -0.018529 0.026001 0.999490 0.000000 0.000000 0.000000 0.000000 1.000000
0.999655 0.016999 0.020024 0.000000 -0.016563 0.999627 -0.021697 12.024300 -0.020386 0.021358 0.999564 0.000000 0.000000 0.000000 0.000000 1.000000
0.999613 0.016897 0.022117 0.000000 -0.016561 0.999746 -0.015273 12.024300 -0.022370 0.014901 0.999639 0.000000 0.000000 0.000000 0.000000 1.000000
0.999541 0.018945 0.023653 0.000000 -0.018741 0.999785 -0.008839 12.024300 -0.023816 0.008392 0.999681 0.000000 0.000000 0.000000 0.000000 1.000000
0.999426 0.023896 0.024018 -0.000000 -0.023824 0.999711 -0.003274 12.024300 -0.024090 0.002700 0.999706 0.000000 0.000000 0.000000 0.000000 1.000000
0.999334 0.028416 0.022882 -0.000000 -0.028456 0.999594 0.001445 12.024300 -0.022831 -0.002095 0.999737 -0.000000 0.000000 0.000000 0.000000 1.000000
0.999429 0.027049 0.020253 0.000000 -0.027154 0.999619 0.004946 12.024300 -0.020111 -0.005493 0.999783 0.000000 0.000000 0.000000 0.000000 1.000000
0.999729 0.017044 0.015832 -0.000000 -0.017138 0.999836 0.005838 12.024300 -0.015729 -0.006108 0.999858 0.000000 0.000000 0.000000 0.000000 1.000000
0.999962 0.000892 0.008699 0.000000 -0.000917 0.999995 0.002932 12.024300 -0.008696 -0.002939 0.999958 0.000000 0.000000 0.000000 0.000000 1.000000
0.999832 -0.018308 -0.000859 0.000000 0.018306 0.999831 -0.001591 12.024300 0.000888 0.001575 0.999998 0.000000 0.000000 0.000000 0.000000 1.000000
0.999184 -0.039178 -0.009846 0.000000 0.039148 0.999228 -0.003200 12.024300 0.009964 0.002811 0.999946 0.000000 0.000000 0.000000 0.000000 1.000000
0.998064 -0.060633 -0.013826 -0.000000 0.060650 0.998159 0.000766 12.024300 0.013754 -0.001603 0.999904 0.000000 0.000000 0.000000 0.000000 1.000000
0.997619 -0.068744 -0.005607 0.000000 0.068792 0.997592 0.008776 12.024300 0.004990 -0.009141 0.999946 -0.000000 0.000000 0.000000 0.000000 1.000000
0.998675 -0.047979 0.018608 -0.000000 0.047700 0.998746 0.015174 12.024300 -0.019313 -0.014267 0.999712 0.000000 0.000000 0.000000 0.000000 1.000000
0.998590 -0.001214 0.053069 -0.000000 0.000553 0.999922 0.012460 12.024300 -0.053080 -0.012413 0.998513 -0.000000 0.000000 0.000000 0.000000 1.000000
0.994522 0.052232 0.090547 -0.000000 -0.051949 0.998635 -0.005484 12.024300 -0.090710 0.000750 0.995877 0.000000 0.000000 0.000000 0.000000 1.000000
0.988258 0.090173 0.123350 0.000000 -0.086810 0.995699 -0.032380 12.024300 -0.125739 0.021292 0.991835 0.000000 0.000000 0.000000 0.000000 1.000000
0.983777 0.105899 0.144807 0.000000 -0.099417 0.993722 -0.051311 12.024300 -0.149332 0.036082 0.988129 0.000000 0.000000 0.000000 0.000000 1.000000
0.982906 0.105542 0.150854 0.000000 -0.098087 0.993598 -0.056057 12.024300 -0.155804 0.040302 0.986965 -0.000000 0.000000 0.000000 0.000000 1.000000
0.984393 0.098111 0.146099 0.000000 -0.091310 0.994434 -0.052566 12.024300 -0.150443 0.038405 0.987872 0.000000 0.000000 0.000000 0.000000 1.000000
0.987074 0.084685 0.136064 0.000000 -0.078871 0.995749 -0.047577 12.024300 -0.139514 0.036230 0.989557 0.000000 0.000000 0.000000 0.000000 1.000000
0.990141 0.066674 0.123187 0.000000 -0.061810 0.997166 -0.042893 12.024300 -0.125698 0.034856 0.991456 0.000000 0.000000 0.000000 0.000000 1.000000
0.992925 0.049580 0.107901 -0.000000 -0.045749 0.998242 -0.037694 12.024300 -0.109581 0.032491 0.993447 0.000000 0.000000 0.000000 0.000000 1.000000
0.995189 0.036976 0.090729 0.000000 -0.034303 0.998935 -0.030844 12.024300 -0.091773 0.027584 0.995398 0.000000 0.000000 0.000000 0.000000 1.000000
0.996912 0.027956 0.073377 0.000000 -0.026378 0.999401 -0.022383 12.024300 -0.073959 0.020379 0.997053 0.000000 0.000000 0.000000 0.000000 1.000000
0.998134 0.019752 0.057774 0.000000 -0.018982 0.999724 -0.013853 12.024300 -0.058032 0.012731 0.998234 -0.000000 0.000000 0.000000 0.000000 1.000000
0.998940 0.010443 0.044822 0.000000 -0.010100 0.999918 -0.007863 12.024300 -0.044900 0.007402 0.998964 -0.000000 0.000000 0.000000 0.000000 1.000000
0.999413 0.000133 0.034253 -0.000000 0.000058 0.999985 -0.005555 12.024300 -0.034253 0.005554 0.999398 0.000000 0.000000 0.000000 0.000000 1.000000
0.999632 -0.009489 0.025423 0.000000 0.009625 0.999940 -0.005255 12.024300 -0.025372 0.005498 0.999663 -0.000000 0.000000 0.000000 0.000000 1.000000
0.999695 -0.016624 0.018257 -0.000000 0.016715 0.999848 -0.004870 12.024300 -0.018173 0.005174 0.999821 -0.000000 0.000000 0.000000 0.000000 1.000000
0.999715 -0.019668 0.013560 0.000000 0.019729 0.999796 -0.004398 12.024300 -0.013471 0.004664 0.999898 0.000000 0.000000 0.000000 0.000000 1.000000
0.999756 -0.018312 0.012381 0.000000 0.018376 0.999818 -0.005076 12.024300 -0.012286 0.005302 0.999910 0.000000 0.000000 0.000000 0.000000 1.000000
0.999813 -0.014235 0.013058 0.000000 0.014339 0.999866 -0.007908 12.024300 -0.012943 0.008094 0.999883 0.000000 0.000000 0.000000 0.000000 1.000000
0.999874 -0.006310 0.014561 -0.000000 0.006498 0.999895 -0.012919 12.024300 -0.014478 0.013011 0.999811 0.000000 0.000000 0.000000 0.000000 1.000000
0.999822 0.008631 0.016763 0.000000 -0.008311 0.999783 -0.019081 12.024300 -0.016924 0.018939 0.999677 0.000000 0.000000 0.000000 0.000000 1.000000
0.999394 0.029360 0.018719 0.000000 -0.028868 0.999245 -0.026010 12.024300 -0.019468 0.025454 0.999486 0.000000 0.000000 0.000000 0.000000 1.000000
0.998757 0.045886 0.019467 0.000000 -0.045217 0.998415 -0.033517 12.024300 -0.020974 0.032595 0.999249 -0.000000 0.000000 0.000000 0.000000 1.000000
0.998657 0.048258 0.018836 0.000000 -0.047503 0.998122 -0.038677 12.024300 -0.020667 0.037730 0.999074 0.000000 0.000000 0.000000 0.000000 1.000000
0.999281 0.033571 0.017619 0.000000 -0.032972 0.998903 -0.033237 12.024300 -0.018716 0.032633 0.999292 -0.000000 0.000000 0.000000 0.000000 1.000000
0.999711 0.017670 0.016287 0.000000 -0.017191 0.999429 -0.029096 12.024300 -0.016792 0.028807 0.999444 0.000000 0.000000 0.000000 0.000000 1.000000
0.999847 0.007240 0.015952 0.000000 -0.006785 0.999573 -0.028436 12.024300 -0.016151 0.028324 0.999468 -0.000000 0.000000 0.000000 0.000000 1.000000
0.999850 0.004087 0.016844 0.000000 -0.003572 0.999530 -0.030450 12.024300 -0.016960 0.030386 0.999394 0.000000 0.000000 0.000000 0.000000 1.000000
0.999809 0.007621 0.017972 0.000000 -0.007035 0.999448 -0.032457 12.024300 -0.018210 0.032325 0.999312 0.000000 0.000000 0.000000 0.000000 1.000000
0.999731 0.014474 0.018109 0.000000 -0.013893 0.999398 -0.031792 12.024300 -0.018558 0.031532 0.999330 0.000000 0.000000 0.000000 0.000000 1.000000
0.999669 0.019389 0.016910 0.000000 -0.018913 0.999432 -0.027876 12.024300 -0.017441 0.027547 0.999468 0.000000 0.000000 0.000000 0.000000 1.000000
0.999720 0.018063 0.015302 0.000000 -0.017726 0.999604 -0.021863 12.024300 -0.015690 0.021586 0.999644 0.000000 0.000000 0.000000 0.000000 1.000000
0.999811 0.013030 0.014458 0.000000 -0.012789 0.999779 -0.016656 12.024300 -0.014672 0.016468 0.999757 0.000000 0.000000 0.000000 0.000000 1.000000
0.999814 0.012426 0.014737 0.000000 -0.012198 0.999806 -0.015488 12.024300 -0.014927 0.015306 0.999771 0.000000 0.000000 0.000000 0.000000 1.000000
0.999683 0.019805 0.015520 0.000000 -0.019521 0.999643 -0.018223 12.024300 -0.015875 0.017914 0.999713 0.000000 0.000000 0.000000 0.000000 1.000000
0.999412 0.030360 0.015905 0.000000 -0.029992 0.999289 -0.022840 12.024300 -0.016588 0.022350 0.999613 -0.000000 0.000000 0.000000 0.000000 1.000000
0.999180 0.037327 0.015674 0.000000 -0.036856 0.998891 -0.029307 12.024300 -0.016750 0.028705 0.999448 0.000000 0.000000 0.000000 0.000000 1.000000
0.999180 0.037384 0.015553 0.000000 -0.036804 0.998672 -0.036044 12.024300 -0.016880 0.035442 0.999229 0.000000 0.000000 0.000000 0.000000 1.000000
0.999313 0.033550 0.015730 0.000000 -0.032895 0.998652 -0.040163 12.024300 -0.017056 0.039618 0.999069 0.000000 0.000000 0.000000 0.000000 1.000000
0.999448 0.029207 0.015810 -0.000000 -0.028547 0.998772 -0.040490 12.024300 -0.016973 0.040016 0.999055 0.000000 0.000000 0.000000 0.000000 1.000000
0.999561 0.025186 0.015574 0.000000 -0.024576 0.998968 -0.038197 12.024300 -0.016520 0.037798 0.999149 -0.000000 0.000000 0.000000 0.000000 1.000000
0.999655 0.021369 0.015281 0.000000 -0.020820 0.999162 -0.035252 12.024300 -0.016021 0.034921 0.999262 0.000000 0.000000 0.000000 0.000000 1.000000
0.999710 0.018562 0.015342 0.000000 -0.018048 0.999292 -0.033004 12.024300 -0.015943 0.032718 0.999337 0.000000 0.000000 0.000000 0.000000 1.000000
0.999715 0.017877 0.015844 -0.000000 -0.017374 0.999357 -0.031360 12.024300 -0.016394 0.031075 0.999383 -0.000000 0.000000 0.000000 0.000000 1.000000
0.999688 0.018745 0.016485 -0.000000 -0.018249 0.999392 -0.029705 12.024300 -0.017032 0.029395 0.999423 0.000000 0.000000 0.000000 0.000000 1.000000
0.999681 0.018733 0.016963 0.000000 -0.018246 0.999430 -0.028419 12.024300 -0.017486 0.028101 0.999452 0.000000 0.000000 0.000000 0.000000 1.000000
0.999699 0.017673 0.017025 0.000000 -0.017188 0.999453 -0.028243 12.024300 -0.017515 0.027941 0.999456 0.000000 0.000000 0.000000 0.000000 1.000000
0.999723 0.016390 0.016885 -0.000000 -0.015904 0.999466 -0.028558 12.024300 -0.017344 0.028282 0.999449 0.000000 0.000000 0.000000 0.000000 1.000000</float_array>
        <technique_common>
          <accessor source="#mixamorig_Spine1-Matrix-animation-output-transform-array" count="65" stride="16">
            <param type="float4x4"/>
          </accessor>
        </technique_common>
      </source>
      <source id="mixamorig_Spine1-Interpolations">
        <Name_array id="mixamorig_Spine1-Interpolations-array" count="65">
 LINEAR LINEAR LINEAR LINEAR LINEAR LINEAR LINEAR LINEAR LINEAR LINEAR LINEAR
LINEAR LINEAR LINEAR LINEAR LINEAR LINEAR LINEAR LINEAR LINEAR LINEAR LINEAR LINEAR
LINEAR LINEAR LINEAR LINEAR LINEAR LINEAR LINEAR LINEAR LINEAR LINEAR LINEAR LINEAR
LINEAR LINEAR LINEAR LINEAR LINEAR LINEAR LINEAR LINEAR LINEAR LINEAR LINEAR LINEAR
LINEAR LINEAR LINEAR LINEAR LINEAR LINEAR LINEAR LINEAR LINEAR LINEAR LINEAR LINEAR
LINEAR LINEAR LINEAR LINEAR LINEAR LINEAR</Name_array>
        <technique_common>
          <accessor source="#mixamorig_Spine1-Interpolations-array" count="65">
            <param type="name"/>
          </accessor>
        </technique_common>
      </source>
      <sampler id="mixamorig_Spine1-Matrix-animation-transform">
        <input semantic="INPUT" source="#mixamorig_Spine1-Matrix-animation-input"/>
        <input semantic="OUTPUT" source="#mixamorig_Spine1-Matrix-animation-output-transform"/>
        <input semantic="INTERPOLATION" source="#mixamorig_Spine1-Interpolations"/>
      </sampler>
      <channel source="#mixamorig_Spine1-Matrix-animation-transform" target="mixamorig_Spine1/matrix"/>
    </animation>
    <animation id="mixamorig_Spine2-anim" name="mixamorig_Spine2">
      <source id="mixamorig_Spine2-Matrix-animation-input">
        <float_array id="mixamorig_Spine2-Matrix-animation-input-array" count="65">

0.000000 0.033333 0.066667 0.100000 0.133333 0.166667 0.200000 0.233333 0.266667 0.300000 0.333333 0.366667 0.400000 0.433333 0.466667 0.500000
0.533333 0.566667 0.600000 0.633333 0.666667 0.700000 0.733333 0.766667 0.800000 0.833333 0.866667 0.900000 0.933333 0.966667 1.000000 1.033333
1.066667 1.100000 1.133333 1.166667 1.200000 1.233333 1.266667 1.300000 1.333333 1.366667 1.400000 1.433333 1.466667 1.500000 1.533333 1.566667
1.600000 1.633333 1.666667 1.700000 1.733333 1.766667 1.800000 1.833333 1.866667 1.900000 1.933333 1.966667 2.000000 2.033333 2.066667 2.100000
2.133333</float_array>
        <technique_common>
          <accessor source="#mixamorig_Spine2-Matrix-animation-input-array" count="65">
            <param name="TIME" type="float"/>
          </accessor>
        </technique_common>
      </source>
      <source id="mixamorig_Spine2-Matrix-animation-output-transform">
        <float_array id="mixamorig_Spine2-Matrix-animation-output-transform-array" count="1040">

0.999731 0.015603 0.017152 0.000000 -0.015358 0.999780 -0.014301 17.815800 -0.017371 0.014034 0.999751 -0.000000 0.000000 0.000000 0.000000 1.000000
0.999744 0.014868 0.017055 -0.000000 -0.014624 0.999790 -0.014358 17.815800 -0.017264 0.014105 0.999751 0.000000 0.000000 0.000000 0.000000 1.000000
0.999739 0.014859 0.017375 0.000000 -0.014621 0.999799 -0.013744 17.815800 -0.017576 0.013487 0.999755 -0.000000 0.000000 0.000000 0.000000 1.000000
0.999704 0.015993 0.018328 0.000000 -0.015774 0.999803 -0.012040 17.815800 -0.018517 0.011747 0.999760 -0.000000 0.000000 0.000000 0.000000 1.000000
0.999663 0.016332 0.020191 0.000000 -0.016184 0.999841 -0.007454 17.815800 -0.020309 0.007125 0.999768 0.000000 0.000000 0.000000 0.000000 1.000000
0.999620 0.016347 0.022190 0.000000 -0.016328 0.999866 -0.001034 17.815800 -0.022204 0.000671 0.999753 -0.000000 0.000000 0.000000 0.000000 1.000000
0.999550 0.018531 0.023607 0.000000 -0.018663 0.999811 0.005368 17.815800 -0.023503 -0.005806 0.999707 0.000000 0.000000 0.000000 0.000000 1.000000
0.999437 0.023604 0.023855 0.000000 -0.023868 0.999656 0.010850 17.815800 -0.023591 -0.011413 0.999657 -0.000000 0.000000 0.000000 0.000000 1.000000
