<?xml version="1.0" encoding="utf-8"?>
<COLLADA xmlns="http://www.collada.org/2005/11/COLLADASchema" version="1.4.1">
  <asset>
    <contributor>
      <author>Mixamo</author>
      <authoring_tool>COLLADA Mixamo exporter</authoring_tool>
      <comments/>
    </contributor>
    <created>2024-03-07T08:15:48Z</created>
    <modified>2024-03-07T08:15:48Z</modified>
    <revision/>
    <title/>
    <unit meter="0.010000"/>
    <up_axis>Y_UP</up_axis>
  </asset>
  <library_animations>
    <animation id="mixamorig_Hips-anim" name="mixamorig_Hips">
      <source id="mixamorig_Hips-Matrix-animation-input">
        <float_array id="mixamorig_Hips-Matrix-animation-input-array" count="58">

0.000000 0.033333 0.066667 0.100000 0.133333 0.166667 0.200000 0.233333 0.266667 0.300000 0.333333 0.366667 0.400000 0.433333 0.466667 0.500000
0.533333 0.566667 0.600000 0.633333 0.666667 0.700000 0.733333 0.766667 0.800000 0.833333 0.866667 0.900000 0.933333 0.966667 1.000000 1.033333
1.066667 1.100000 1.133333 1.166667 1.200000 1.233333 1.266667 1.300000 1.333333 1.366667 1.400000 1.433333 1.466667 1.500000 1.533333 1.566667
1.600000 1.633333 1.666667 1.700000 1.733333 1.766667 1.800000 1.833333 1.866667 1.900000</float_array>
        <technique_common>
          <accessor source="#mixamorig_Hips-Matrix-animation-input-array" count="58">
            <param name="TIME" type="float"/>
          </accessor>
        </technique_common>
      </source>
      <source id="mixamorig_Hips-Matrix-animation-output-transform">
        <float_array id="mixamorig_Hips-Matrix-animation-output-transform-array" count="928">

0.978201 0.007118 -0.207540 -0.267630 -0.015887 0.999048 -0.040617 89.318420 0.207054 0.043028 0.977383 3.158243 0.000000 0.000000 0.000000 1.000000
0.978746 0.007050 -0.204954 -0.290066 -0.015398 0.999114 -0.039162 89.394302 0.204497 0.041486 0.977988 3.196146 0.000000 0.000000 0.000000 1.000000
0.979403 0.006993 -0.201792 -0.322981 -0.014902 0.999178 -0.037699 89.489746 0.201363 0.039929 0.978703 3.239910 0.000000 0.000000 0.000000 1.000000
0.980079 0.006947 -0.198489 -0.364083 -0.014451 0.999234 -0.036380 89.598320 0.198084 0.038523 0.979428 3.287314 0.000000 0.000000 0.000000 1.000000
0.980717 0.006949 -0.195310 -0.414270 -0.014058 0.999287 -0.035036 89.718300 0.194928 0.037106 0.980116 3.336361 0.000000 0.000000 0.000000 1.000000
0.981247 0.007005 -0.192627 -0.468962 -0.013720 0.999343 -0.033548 89.849396 0.192265 0.035562 0.980698 3.389009 0.000000 0.000000 0.000000 1.000000
0.981669 0.007255 -0.190453 -0.524361 -0.013608 0.999393 -0.032071 89.983292 0.190105 0.034075 0.981172 3.445665 0.000000 0.000000 0.000000 1.000000
0.982012 0.007576 -0.188665 -0.573215 -0.013591 0.999439 -0.030607 90.115997 0.188327 0.032620 0.981564 3.506007 0.000000 0.000000 0.000000 1.000000
0.982306 0.007870 -0.187119 -0.613863 -0.013559 0.999483 -0.029142 90.250069 0.186793 0.031163 0.981905 3.569698 0.000000 0.000000 0.000000 1.000000
0.982541 0.008172 -0.185869 -0.640330 -0.013537 0.999527 -0.027610 90.381531 0.185555 0.029644 0.982187 3.634377 0.000000 0.000000 0.000000 1.000000
0.982691 0.008497 -0.185056 -0.650711 -0.013539 0.999570 -0.026002 90.512444 0.184756 0.028058 0.982384 3.701006 0.000000 0.000000 0.000000 1.000000
0.982731 0.008845 -0.184828 -0.647618 -0.013582 0.999611 -0.024378 90.643074 0.184541 0.026467 0.982468 3.771556 0.000000 0.000000 0.000000 1.000000
0.982651 0.009343 -0.185227 -0.633956 -0.013815 0.999643 -0.022868 90.774086 0.184947 0.025030 0.982430 3.847766 0.000000 0.000000 0.000000 1.000000
0.982471 0.009915 -0.186152 -0.613039 -0.014150 0.999670 -0.021434 90.907387 0.185878 0.023692 0.982287 3.927777 0.000000 0.000000 0.000000 1.000000
0.982203 0.010608 -0.187521 -0.585808 -0.014675 0.999686 -0.020312 91.041512 0.187247 0.022703 0.982051 4.009187 0.000000 0.000000 0.000000 1.000000
0.981822 0.011407 -0.189460 -0.558501 -0.015450 0.999683 -0.019875 91.160324 0.189174 0.022441 0.981687 4.080400 0.000000 0.000000 0.000000 1.000000
0.981375 0.012205 -0.191714 -0.525569 -0.016268 0.999675 -0.019630 91.268188 0.191412 0.022383 0.981255 4.142188 0.000000 0.000000 0.000000 1.000000
0.980909 0.012958 -0.194034 -0.496623 -0.017034 0.999668 -0.019353 91.371368 0.193719 0.022288 0.980804 4.200393 0.000000 0.000000 0.000000 1.000000
0.980498 0.013781 -0.196048 -0.466622 -0.017848 0.999660 -0.018994 91.472435 0.195719 0.022123 0.980410 4.251637 0.000000 0.000000 0.000000 1.000000
0.980146 0.014682 -0.197734 -0.444783 -0.018697 0.999655 -0.018453 91.578400 0.197395 0.021784 0.980082 4.299387 0.000000 0.000000 0.000000 1.000000
0.979864 0.015478 -0.199066 -0.429713 -0.019450 0.999649 -0.018012 91.677292 0.198717 0.021521 0.979821 4.340291 0.000000 0.000000 0.000000 1.000000
0.979654 0.016171 -0.200040 -0.420106 -0.020091 0.999644 -0.017579 91.755951 0.199684 0.021240 0.979630 4.370853 0.000000 0.000000 0.000000 1.000000
0.979551 0.016736 -0.200498 -0.415738 -0.020570 0.999643 -0.017056 91.809891 0.200141 0.020831 0.979546 4.390386 0.000000 0.000000 0.000000 1.000000
0.979569 0.017194 -0.200373 -0.413607 -0.020905 0.999647 -0.016420 91.839851 0.200020 0.020273 0.979582 4.394392 0.000000 0.000000 0.000000 1.000000
0.979668 0.017537 -0.199860 -0.414091 -0.021129 0.999651 -0.015853 91.846542 0.199512 0.019754 0.979696 4.382154 0.000000 0.000000 0.000000 1.000000
0.979813 0.017763 -0.199125 -0.415369 -0.021292 0.999652 -0.015595 91.823555 0.198779 0.019520 0.979850 4.349767 0.000000 0.000000 0.000000 1.000000
0.979970 0.017922 -0.198337 -0.415790 -0.021461 0.999646 -0.015705 91.759888 0.197986 0.019647 0.980008 4.295965 0.000000 0.000000 0.000000 1.000000
0.980097 0.017971 -0.197704 -0.410773 -0.021610 0.999634 -0.016268 91.645767 0.197340 0.020216 0.980127 4.221824 0.000000 0.000000 0.000000 1.000000
0.980188 0.017806 -0.197267 -0.400565 -0.021617 0.999619 -0.017181 91.494102 0.196886 0.021105 0.980199 4.135041 0.000000 0.000000 0.000000 1.000000
0.980216 0.017310 -0.197171 -0.386111 -0.021359 0.999602 -0.018431 91.323929 0.196774 0.022278 0.980196 4.042933 0.000000 0.000000 0.000000 1.000000
0.980159 0.016875 -0.197492 -0.367722 -0.021162 0.999584 -0.019618 91.158630 0.197078 0.023408 0.980108 3.957860 0.000000 0.000000 0.000000 1.000000
0.980022 0.016672 -0.198191 -0.346004 -0.021181 0.999562 -0.020656 91.008080 0.197760 0.024441 0.979946 3.882404 0.000000 0.000000 0.000000 1.000000
0.979825 0.016597 -0.199169 -0.324510 -0.021361 0.999534 -0.021795 90.861702 0.198715 0.025609 0.979723 3.817440 0.000000 0.000000 0.000000 1.000000
0.979592 0.016477 -0.200319 -0.304072 -0.021553 0.999499 -0.023184 90.717438 0.199836 0.027028 0.979456 3.755617 0.000000 0.000000 0.000000 1.000000
0.979419 0.016090 -0.201195 -0.281011 -0.021526 0.999459 -0.024861 90.567009 0.200687 0.028680 0.979236 3.687293 0.000000 0.000000 0.000000 1.000000
0.979281 0.015696 -0.201898 -0.257161 -0.021492 0.999416 -0.026548 90.434052 0.201364 0.030337 0.979047 3.608892 0.000000 0.000000 0.000000 1.000000
0.979174 0.015323 -0.202446 -0.237910 -0.021461 0.999373 -0.028158 90.316147 0.201887 0.031916 0.978889 3.531421 0.000000 0.000000 0.000000 1.000000
0.979131 0.015087 -0.202671 -0.224279 -0.021537 0.999328 -0.029657 90.205978 0.202088 0.033403 0.978798 3.461492 0.000000 0.000000 0.000000 1.000000
0.979149 0.014967 -0.202589 -0.216136 -0.021692 0.999284 -0.031015 90.105629 0.201980 0.034763 0.978773 3.400409 0.000000 0.000000 0.000000 1.000000
0.979286 0.014917 -0.201932 -0.214421 -0.021843 0.999246 -0.032112 90.009613 0.201301 0.035858 0.978873 3.348262 0.000000 0.000000 0.000000 1.000000
0.979163 0.014887 -0.202527 -0.222142 -0.022035 0.999210 -0.033083 89.921593 0.201875 0.036856 0.978718 3.302037 0.000000 0.000000 0.000000 1.000000
0.979200 0.014794 -0.202358 -0.225580 -0.022101 0.999181 -0.033896 89.837662 0.201690 0.037664 0.978725 3.260944 0.000000 0.000000 0.000000 1.000000
0.979245 0.014643 -0.202151 -0.228638 -0.022106 0.999153 -0.034709 89.755188 0.201471 0.038457 0.978739 3.223898 0.000000 0.000000 0.000000 1.000000
0.979284 0.014258 -0.201991 -0.228157 -0.021875 0.999129 -0.035525 89.667671 0.201309 0.039207 0.978743 3.186553 0.000000 0.000000 0.000000 1.000000
0.979284 0.013590 -0.202035 -0.226148 -0.021387 0.999106 -0.036457 89.580696 0.201359 0.040023 0.978700 3.150825 0.000000 0.000000 0.000000 1.000000
0.979215 0.012733 -0.202424 -0.223124 -0.020678 0.999094 -0.037184 89.499664 0.201767 0.040597 0.978592 3.115758 0.000000 0.000000 0.000000 1.000000
0.979109 0.011777 -0.202993 -0.216437 -0.019923 0.999074 -0.038134 89.420563 0.202356 0.041382 0.978437 3.080939 0.000000 0.000000 0.000000 1.000000
0.978968 0.010861 -0.203726 -0.207984 -0.019249 0.999045 -0.039234 89.353020 0.203105 0.042330 0.978242 3.048840 0.000000 0.000000 0.000000 1.000000
0.978806 0.010187 -0.204536 -0.199933 -0.018869 0.999000 -0.040542 89.299225 0.203919 0.043542 0.978019 3.021733 0.000000 0.000000 0.000000 1.000000
0.978543 0.009605 -0.205818 -0.196748 -0.018595 0.998953 -0.041789 89.258881 0.205201 0.044719 0.977698 2.999286 0.000000 0.000000 0.000000 1.000000
0.978325 0.009107 -0.206876 -0.197949 -0.018390 0.998906 -0.042992 89.231461 0.206258 0.045865 0.977422 2.986595 0.000000 0.000000 0.000000 1.000000
0.978160 0.008675 -0.207671 -0.201626 -0.018210 0.998864 -0.044046 89.215149 0.207053 0.046866 0.977207 2.984978 0.000000 0.000000 0.000000 1.000000
0.977989 0.008306 -0.208493 -0.209424 -0.018002 0.998840 -0.044653 89.208374 0.207880 0.047423 0.977004 2.993012 0.000000 0.000000 0.000000 1.000000
0.977897 0.007990 -0.208936 -0.218883 -0.017664 0.998854 -0.044474 89.212036 0.208341 0.047182 0.976918 3.010516 0.000000 0.000000 0.000000 1.000000
0.977845 0.007726 -0.209186 -0.230027 -0.017280 0.998887 -0.043883 89.222717 0.208614 0.046526 0.976891 3.037644 0.000000 0.000000 0.000000 1.000000
0.977874 0.007494 -0.209060 -0.242186 -0.016844 0.998934 -0.042980 89.242767 0.208515 0.045550 0.976958 3.073090 0.000000 0.000000 0.000000 1.000000
0.977977 0.007297 -0.208585 -0.255260 -0.016381 0.998989 -0.041858 89.272224 0.208068 0.044353 0.977108 3.112538 0.000000 0.000000 0.000000 1.000000
0.978201 0.007119 -0.207540 -0.267663 -0.015888 0.999048 -0.040617 89.318298 0.207054 0.043029 0.977383 3.158256 0.000000 0.000000 0.000000 1.000000</float_array>
        <technique_common>
          <accessor source="#mixamorig_Hips-Matrix-animation-output-transform-array" count="58" stride="16">
            <param type="float4x4"/>
          </accessor>
        </technique_common>
      </source>
      <source id="mixamorig_Hips-Interpolations">
        <Name_array id="mixamorig_Hips-Interpolations-array" count="58">
 LINEAR LINEAR LINEAR LINEAR LINEAR LINEAR LINEAR LINEAR LINEAR LINEAR LINEAR
LINEAR LINEAR LINEAR LINEAR LINEAR LINEAR LINEAR LINEAR LINEAR LINEAR LINEAR LINEAR
LINEAR LINEAR LINEAR LINEAR LINEAR LINEAR LINEAR LINEAR LINEAR LINEAR LINEAR LINEAR
LINEAR LINEAR LINEAR LINEAR LINEAR LINEAR LINEAR LINEAR LINEAR LINEAR LINEAR LINEAR
LINEAR LINEAR LINEAR LINEAR LINEAR LINEAR LINEAR LINEAR LINEAR LINEAR LINEAR</Name_array>
        <technique_common>
          <accessor source="#mixamorig_Hips-Interpolations-array" count="58">
            <param type="name"/>
          </accessor>
        </technique_common>
      </source>
      <sampler id="mixamorig_Hips-Matrix-animation-transform">
        <input semantic="INPUT" source="#mixamorig_Hips-Matrix-animation-input"/>
        <input semantic="OUTPUT" source="#mixamorig_Hips-Matrix-animation-output-transform"/>
        <input semantic="INTERPOLATION" source="#mixamorig_Hips-Interpolations"/>
      </sampler>
      <channel source="#mixamorig_Hips-Matrix-animation-transform" target="mixamorig_Hips/matrix"/>
    </animation>
    <animation id="mixamorig_Spine-anim" name="mixamorig_Spine">
      <source id="mixamorig_Spine-Matrix-animation-input">
        <float_array id="mixamorig_Spine-Matrix-animation-input-array" count="58">

0.000000 0.033333 0.066667 0.100000 0.133333 0.166667 0.200000 0.233333 0.266667 0.300000 0.333333 0.366667 0.400000 0.433333 0.466667 0.500000
0.533333 0.566667 0.600000 0.633333 0.666667 0.700000 0.733333 0.766667 0.800000 0.833333 0.866667 0.900000 0.933333 0.966667 1.000000 1.033333
1.066667 1.100000 1.133333 1.166667 1.200000 1.233333 1.266667 1.300000 1.333333 1.366667 1.400000 1.433333 1.466667 1.500000 1.533333 1.566667
1.600000 1.633333 1.666667 1.700000 1.733333 1.766667 1.800000 1.833333 1.866667 1.900000</float_array>
        <technique_common>
          <accessor source="#mixamorig_Spine-Matrix-animation-input-array" count="58">
            <param name="TIME" type="float"/>
          </accessor>
        </technique_common>
      </source>
      <source id="mixamorig_Spine-Matrix-animation-output-transform">
        <float_array id="mixamorig_Spine-Matrix-animation-output-transform-array" count="928">

0.999385 -0.004732 0.034744 -0.000000 0.011487 0.980357 -0.196898 13.784800 -0.033130 0.197176 0.979808 0.064400 0.000000 0.000000 0.000000 1.000000
0.999385 -0.004748 0.034743 0.000000 0.011474 0.980526 -0.196055 13.784800 -0.033135 0.196333 0.979977 0.064400 0.000000 0.000000 0.000000 1.000000
0.999382 -0.004740 0.034823 0.000000 0.011433 0.980815 -0.194607 13.784800 -0.033233 0.194885 0.980263 0.064400 0.000000 0.000000 0.000000 1.000000
0.999374 -0.004684 0.035062 0.000000 0.011354 0.981221 -0.192550 13.784800 -0.033502 0.192828 0.980660 0.064400 0.000000 0.000000 0.000000 1.000000
0.999366 -0.004611 0.035317 -0.000000 0.011252 0.981674 -0.190234 13.784800 -0.033793 0.190511 0.981103 0.064400 0.000000 0.000000 0.000000 1.000000
0.999358 -0.004542 0.035544 0.000000 0.011148 0.982119 -0.187933 13.784800 -0.034054 0.188209 0.981538 0.064400 0.000000 0.000000 0.000000 1.000000
0.999351 -0.004660 0.035720 0.000000 0.011214 0.982571 -0.185551 13.784800 -0.034233 0.185831 0.981985 0.064400 0.000000 0.000000 0.000000 1.000000
0.999346 -0.004968 0.035825 0.000000 0.011449 0.983037 -0.183050 13.784800 -0.034308 0.183341 0.982451 0.064400 0.000000 0.000000 0.000000 1.000000
0.999341 -0.005280 0.035909 0.000000 0.011682 0.983507 -0.180490 13.784800 -0.034364 0.180791 0.982921 0.064400 0.000000 0.000000 0.000000 1.000000
0.999337 -0.005566 0.035979 -0.000000 0.011889 0.983960 -0.177994 13.784800 -0.034411 0.178303 0.983374 0.064400 0.000000 0.000000 0.000000 1.000000
0.999333 -0.005827 0.036044 0.000000 0.012072 0.984395 -0.175556 13.784800 -0.034459 0.175874 0.983809 0.064400 0.000000 0.000000 0.000000 1.000000
0.999330 -0.006017 0.036098 0.000000 0.012180 0.984844 -0.173015 13.784800 -0.034509 0.173339 0.984257 0.064400 0.000000 0.000000 0.000000 1.000000
0.999329 -0.006093 0.036127 0.000000 0.012166 0.985307 -0.170357 13.784800 -0.034558 0.170682 0.984720 0.064400 0.000000 0.000000 0.000000 1.000000
0.999327 -0.006193 0.036163 0.000000 0.012178 0.985761 -0.167712 13.784800 -0.034610 0.168040 0.985173 0.064400 0.000000 0.000000 0.000000 1.000000
0.999325 -0.006300 0.036203 0.000000 0.012197 0.986206 -0.165073 13.784800 -0.034663 0.165403 0.985617 0.064400 0.000000 0.000000 0.000000 1.000000
0.999322 -0.006414 0.036245 0.000000 0.012222 0.986650 -0.162395 13.784800 -0.034719 0.162728 0.986060 0.064400 0.000000 0.000000 0.000000 1.000000
0.999320 -0.006523 0.036287 -0.000000 0.012248 0.987061 -0.159877 13.784800 -0.034775 0.160213 0.986470 0.064400 0.000000 0.000000 0.000000 1.000000
0.999318 -0.006615 0.036320 0.000000 0.012253 0.987476 -0.157294 13.784800 -0.034825 0.157632 0.986884 0.064400 0.000000 0.000000 0.000000 1.000000
0.999316 -0.006727 0.036356 0.000000 0.012283 0.987867 -0.154818 13.784800 -0.034873 0.155159 0.987274 0.064400 0.000000 0.000000 0.000000 1.000000
0.999314 -0.006833 0.036391 -0.000000 0.012312 0.988220 -0.152541 13.784800 -0.034920 0.152885 0.987627 0.064400 0.000000 0.000000 0.000000 1.000000
0.999313 -0.006925 0.036417 0.000000 0.012330 0.988553 -0.150369 13.784800 -0.034958 0.150715 0.987959 0.064400 0.000000 0.000000 0.000000 1.000000
0.999312 -0.007002 0.036432 0.000000 0.012344 0.988829 -0.148543 13.784800 -0.034985 0.148890 0.988235 0.064400 0.000000 0.000000 0.000000 1.000000
0.999314 -0.007070 0.036341 0.000000 0.012351 0.989027 -0.147220 13.784800 -0.034901 0.147568 0.988436 0.064400 0.000000 0.000000 0.000000 1.000000
0.999324 -0.007130 0.036064 -0.000000 0.012343 0.989137 -0.146480 13.784800 -0.034628 0.146826 0.988556 0.064400 0.000000 0.000000 0.000000 1.000000
0.999335 -0.007185 0.035757 0.000000 0.012346 0.989167 -0.146271 13.784800 -0.034318 0.146616 0.988598 0.064400 0.000000 0.000000 0.000000 1.000000
0.999344 -0.007194 0.035506 0.000000 0.012326 0.989130 -0.146525 13.784800 -0.034066 0.146867 0.988569 0.064400 0.000000 0.000000 0.000000 1.000000
0.999349 -0.007157 0.035353 -0.000000 0.012293 0.989017 -0.147289 13.784800 -0.033910 0.147628 0.988462 0.064400 0.000000 0.000000 0.000000 1.000000
0.999351 -0.007098 0.035313 0.000000 0.012272 0.988830 -0.148539 13.784800 -0.033864 0.148876 0.988276 0.064400 0.000000 0.000000 0.000000 1.000000
0.999353 -0.007023 0.035275 0.000000 0.012253 0.988564 -0.150302 13.784800 -0.033816 0.150637 0.988011 0.064400 0.000000 0.000000 0.000000 1.000000
0.999357 -0.006782 0.035212 -0.000000 0.012081 0.988226 -0.152526 13.784800 -0.033763 0.152854 0.987672 0.064400 0.000000 0.000000 0.000000 1.000000
0.999360 -0.006558 0.035153 0.000000 0.011949 0.987778 -0.155411 13.784800 -0.033705 0.155731 0.987224 0.064400 0.000000 0.000000 0.000000 1.000000
0.999363 -0.006447 0.035106 0.000000 0.011953 0.987212 -0.158963 13.784800 -0.033632 0.159282 0.986660 0.064400 0.000000 0.000000 0.000000 1.000000
0.999365 -0.006364 0.035062 0.000000 0.011992 0.986598 -0.162731 13.784800 -0.033556 0.163048 0.986047 0.064400 0.000000 0.000000 0.000000 1.000000
0.999368 -0.006238 0.034992 0.000000 0.011979 0.985993 -0.166354 13.784800 -0.033464 0.166668 0.985445 0.064400 0.000000 0.000000 0.000000 1.000000
0.999382 -0.005948 0.034630 -0.000000 0.011745 0.985428 -0.169690 13.784800 -0.033116 0.169992 0.984889 0.064400 0.000000 0.000000 0.000000 1.000000
0.999400 -0.005610 0.034182 0.000000 0.011444 0.984866 -0.172940 13.784800 -0.032694 0.173227 0.984339 0.064400 0.000000 0.000000 0.000000 1.000000
0.999417 -0.005277 0.033725 -0.000000 0.011135 0.984336 -0.175952 13.784800 -0.032269 0.176225 0.983821 0.064400 0.000000 0.000000 0.000000 1.000000
0.999430 -0.005162 0.033370 0.000000 0.011043 0.983867 -0.178558 13.784800 -0.031910 0.178824 0.983363 0.064400 0.000000 0.000000 0.000000 1.000000
0.999440 -0.005209 0.033061 0.000000 0.011105 0.983468 -0.180742 13.784800 -0.031572 0.181008 0.982975 0.064400 0.000000 0.000000 0.000000 1.000000
0.999448 -0.005280 0.032786 -0.000000 0.011188 0.983101 -0.182722 13.784800 -0.031268 0.182988 0.982618 0.064400 0.000000 0.000000 0.000000 1.000000
0.999405 -0.005094 0.034102 0.000000 0.011303 0.982776 -0.184452 13.784800 -0.032575 0.184728 0.982250 0.064400 0.000000 0.000000 0.000000 1.000000
0.999375 -0.004931 0.034993 0.000000 0.011364 0.982464 -0.186103 13.784800 -0.033461 0.186385 0.981907 0.064400 0.000000 0.000000 0.000000 1.000000
0.999370 -0.004887 0.035142 0.000000 0.011400 0.982177 -0.187610 13.784800 -0.033598 0.187893 0.981615 0.064400 0.000000 0.000000 0.000000 1.000000
0.999390 -0.004971 0.034577 0.000000 0.011426 0.981894 -0.189089 13.784800 -0.033011 0.189369 0.981351 0.064400 0.000000 0.000000 0.000000 1.000000
0.999412 -0.005101 0.033907 -0.000000 0.011473 0.981625 -0.190476 13.784800 -0.032312 0.190753 0.981106 0.064400 0.000000 0.000000 0.000000 1.000000
0.999423 -0.005158 0.033566 -0.000000 0.011517 0.981303 -0.192122 13.784800 -0.031948 0.192398 0.980797 0.064400 0.000000 0.000000 0.000000 1.000000
0.999422 -0.005156 0.033601 -0.000000 0.011568 0.981023 -0.193548 13.784800 -0.031966 0.193824 0.980515 0.064400 0.000000 0.000000 0.000000 1.000000
0.999420 -0.005162 0.033659 0.000000 0.011627 0.980769 -0.194823 13.784800 -0.032006 0.195102 0.980261 0.064400 0.000000 0.000000 0.000000 1.000000
0.999417 -0.005153 0.033751 0.000000 0.011667 0.980582 -0.195763 13.784800 -0.032087 0.196043 0.980070 0.064400 0.000000 0.000000 0.000000 1.000000
0.999413 -0.005138 0.033885 0.000000 0.011709 0.980399 -0.196676 13.784800 -0.032210 0.196957 0.979883 0.064400 0.000000 0.000000 0.000000 1.000000
0.999407 -0.005122 0.034050 -0.000000 0.011748 0.980263 -0.197348 13.784800 -0.032368 0.197631 0.979742 0.064400 0.000000 0.000000 0.000000 1.000000
0.999401 -0.005097 0.034227 0.000000 0.011774 0.980166 -0.197829 13.784800 -0.032540 0.198113 0.979639 0.064400 0.000000 0.000000 0.000000 1.000000
0.999395 -0.005069 0.034408 0.000000 0.011792 0.980106 -0.198124 13.784800 -0.032719 0.198410 0.979573 0.064400 0.000000 0.000000 0.000000 1.000000
0.999389 -0.005042 0.034582 0.000000 0.011803 0.980090 -0.198202 13.784800 -0.032894 0.198489 0.979551 0.064400 0.000000 0.000000 0.000000 1.000000
0.999383 -0.005019 0.034762 0.000000 0.011816 0.980092 -0.198191 13.784800 -0.033075 0.198479 0.979547 0.064400 0.000000 0.000000 0.000000 1.000000
0.999383 -0.005026 0.034764 0.000000 0.011815 0.980140 -0.197956 13.784800 -0.033079 0.198245 0.979594 0.064400 0.000000 0.000000 0.000000 1.000000
0.999384 -0.004958 0.034753 0.000000 0.011732 0.980227 -0.197529 13.784800 -0.033087 0.197815 0.979681 0.064400 0.000000 0.000000 0.000000 1.000000
0.999386 -0.004780 0.034714 0.000000 0.011528 0.980356 -0.196897 13.784800 -0.033091 0.197176 0.979809 0.064400 0.000000 0.000000 0.000000 1.000000</float_array>
        <technique_common>
          <accessor source="#mixamorig_Spine-Matrix-animation-output-transform-array" count="58" stride="16">
            <param type="float4x4"/>
          </accessor>
        </technique_common>
      </source>
      <source id="mixamorig_Spine-Interpolations">
        <Name_array id="mixamorig_Spine-Interpolations-array" count="58">
 LINEAR LINEAR LINEAR LINEAR LINEAR LINEAR LINEAR LINEAR LINEAR LINEAR LINEAR
LINEAR LINEAR LINEAR LINEAR LINEAR LINEAR LINEAR LINEAR LINEAR LINEAR LINEAR LINEAR
LINEAR LINEAR LINEAR LINEAR LINEAR LINEAR LINEAR LINEAR LINEAR LINEAR LINEAR LINEAR
LINEAR LINEAR LINEAR LINEAR LINEAR LINEAR LINEAR LINEAR LINEAR LINEAR LINEAR LINEAR
LINEAR LINEAR LINEAR LINEAR LINEAR LINEAR LINEAR LINEAR LINEAR LINEAR LINEAR</Name_array>
        <technique_common>
          <accessor source="#mixamorig_Spine-Interpolations-array" count="58">
            <param type="name"/>
          </accessor>
        </technique_common>
      </source>
      <sampler id="mixamorig_Spine-Matrix-animation-transform">
        <input semantic="INPUT" source="#mixamorig_Spine-Matrix-animation-input"/>
        <input semantic="OUTPUT" source="#mixamorig_Spine-Matrix-animation-output-transform"/>
        <input semantic="INTERPOLATION" source="#mixamorig_Spine-Interpolations"/>
      </sampler>
      <channel source="#mixamorig_Spine-Matrix-animation-transform" target="mixamorig_Spine/matrix"/>
    </animation>
    <animation id="mixamorig_Spine1-anim" name="mixamorig_Spine1">
      <source id="mixamorig_Spine1-Matrix-animation-input">
        <float_array id="mixamorig_Spine1-Matrix-animation-input-array" count="58">

0.000000 0.033333 0.066667 0.100000 0.133333 0.166667 0.200000 0.233333 0.266667 0.300000 0.333333 0.366667 0.400000 0.433333 0.466667 0.500000
0.533333 0.566667 0.600000 0.633333 0.666667 0.700000 0.733333 0.766667 0.800000 0.833333 0.866667 0.900000 0.933333 0.966667 1.000000 1.033333
1.066667 1.100000 1.133333 1.166667 1.200000 1.233333 1.266667 1.300000 1.333333 1.366667 1.400000 1.433333 1.466667 1.500000 1.533333 1.566667
1.600000 1.633333 1.666667 1.700000 1.733333 1.766667 1.800000 1.833333 1.866667 1.900000</float_array>
        <technique_common>
          <accessor source="#mixamorig_Spine1-Matrix-animation-input-array" count="58">
            <param name="TIME" type="float"/>
          </accessor>
        </technique_common>
      </source>
      <source id="mixamorig_Spine1-Matrix-animation-output-transform">
        <float_array id="mixamorig_Spine1-Matrix-animation-output-transform-array" count="928">

0.997400 -0.014269 0.070642 0.000000 0.017156 0.999035 -0.040429 12.024300 -0.069997 0.041536 0.996682 0.000000 0.000000 0.000000 0.000000 1.000000
0.997381 -0.014357 0.070886 -0.000000 0.017198 0.999066 -0.039639 12.024300 -0.070250 0.040754 0.996697 0.000000 0.000000 0.000000 0.000000 1.000000
0.997347 -0.014550 0.071331 0.000000 0.017317 0.999116 -0.038318 12.024300 -0.070711 0.039452 0.996716 0.000000 0.000000 0.000000 0.000000 1.000000
0.997297 -0.014847 0.071960 0.000000 0.017508 0.999181 -0.036482 12.024300 -0.071360 0.037643 0.996740 -0.000000 0.000000 0.000000 0.000000 1.000000
0.997249 -0.015196 0.072553 -0.000000 0.017729 0.999251 -0.034399 12.024300 -0.071976 0.035590 0.996771 0.000000 0.000000 0.000000 0.000000 1.000000
0.997218 -0.015545 0.072899 0.000000 0.017935 0.999319 -0.032245 12.024300 -0.072348 0.033463 0.996818 -0.000000 0.000000 0.000000 0.000000 1.000000
0.997208 -0.015910 0.072963 0.000000 0.018133 0.999388 -0.029904 12.024300 -0.072442 0.031144 0.996886 0.000000 0.000000 0.000000 0.000000 1.000000
0.997198 -0.016254 0.073021 0.000000 0.018299 0.999457 -0.027419 12.024300 -0.072535 0.028678 0.996953 0.000000 0.000000 0.000000 0.000000 1.000000
0.997188 -0.016603 0.073078 0.000000 0.018469 0.999518 -0.024936 12.024300 -0.072629 0.026215 0.997014 -0.000000 0.000000 0.000000 0.000000 1.000000
0.997178 -0.016952 0.073133 -0.000000 0.018656 0.999569 -0.022680 12.024300 -0.072717 0.023980 0.997064 0.000000 0.000000 0.000000 0.000000 1.000000
0.997168 -0.017291 0.073188 -0.000000 0.018850 0.999609 -0.020656 12.024300 -0.072802 0.021977 0.997104 -0.000000 0.000000 0.000000 0.000000 1.000000
0.997165 -0.017407 0.073203 -0.000000 0.018831 0.999646 -0.018800 12.024300 -0.072850 0.020125 0.997140 -0.000000 0.000000 0.000000 0.000000 1.000000
0.997163 -0.017504 0.073214 0.000000 0.018799 0.999678 -0.017038 12.024300 -0.072892 0.018365 0.997171 -0.000000 0.000000 0.000000 0.000000 1.000000
0.997161 -0.017587 0.073219 0.000000 0.018757 0.999707 -0.015324 12.024300 -0.072928 0.016654 0.997198 0.000000 0.000000 0.000000 0.000000 1.000000
0.997159 -0.017662 0.073232 0.000000 0.018708 0.999732 -0.013623 12.024300 -0.072971 0.014954 0.997222 -0.000000 0.000000 0.000000 0.000000 1.000000
0.997151 -0.017651 0.073331 0.000000 0.018581 0.999755 -0.012008 12.024300 -0.073101 0.013337 0.997235 0.000000 0.000000 0.000000 0.000000 1.000000
0.997139 -0.017618 0.073514 0.000000 0.018441 0.999774 -0.010535 12.024300 -0.073312 0.011861 0.997239 0.000000 0.000000 0.000000 0.000000 1.000000
0.997123 -0.017592 0.073729 0.000000 0.018317 0.999790 -0.009173 12.024300 -0.073552 0.010498 0.997236 0.000000 0.000000 0.000000 0.000000 1.000000
0.997116 -0.017643 0.073814 0.000000 0.018281 0.999801 -0.007972 12.024300 -0.073659 0.009298 0.997240 0.000000 0.000000 0.000000 0.000000 1.000000
0.997114 -0.017706 0.073820 -0.000000 0.018262 0.999810 -0.006869 12.024300 -0.073685 0.008197 0.997248 -0.000000 0.000000 0.000000 0.000000 1.000000
0.997113 -0.017766 0.073828 0.000000 0.018247 0.999816 -0.005850 12.024300 -0.073710 0.007181 0.997254 0.000000 0.000000 0.000000 0.000000 1.000000
0.997112 -0.017817 0.073823 0.000000 0.018238 0.999821 -0.005029 12.024300 -0.073721 0.006361 0.997259 -0.000000 0.000000 0.000000 0.000000 1.000000
0.997125 -0.017879 0.073638 -0.000000 0.018263 0.999823 -0.004538 12.024300 -0.073544 0.005870 0.997275 0.000000 0.000000 0.000000 0.000000 1.000000
0.997147 -0.017935 0.073326 0.000000 0.018313 0.999822 -0.004493 12.024300 -0.073233 0.005823 0.997298 0.000000 0.000000 0.000000 0.000000 1.000000
0.997173 -0.017972 0.072965 -0.000000 0.018373 0.999819 -0.004836 12.024300 -0.072865 0.006163 0.997323 0.000000 0.000000 0.000000 0.000000 1.000000
0.997198 -0.017981 0.072610 0.000000 0.018433 0.999815 -0.005563 12.024300 -0.072496 0.006886 0.997345 -0.000000 0.000000 0.000000 0.000000 1.000000
0.997219 -0.017946 0.072339 -0.000000 0.018478 0.999807 -0.006690 12.024300 -0.072205 0.008008 0.997358 -0.000000 0.000000 0.000000 0.000000 1.000000
0.997222 -0.017837 0.072324 -0.000000 0.018477 0.999796 -0.008186 12.024300 -0.072163 0.009500 0.997348 0.000000 0.000000 0.000000 0.000000 1.000000
0.997227 -0.017646 0.072301 0.000000 0.018414 0.999781 -0.009961 12.024300 -0.072110 0.011265 0.997333 0.000000 0.000000 0.000000 0.000000 1.000000
0.997236 -0.017315 0.072257 0.000000 0.018225 0.999762 -0.011956 12.024300 -0.072033 0.013240 0.997314 0.000000 0.000000 0.000000 0.000000 1.000000
0.997245 -0.016965 0.072212 -0.000000 0.018024 0.999739 -0.014027 12.024300 -0.071955 0.015290 0.997291 -0.000000 0.000000 0.000000 0.000000 1.000000
0.997254 -0.016619 0.072167 -0.000000 0.017825 0.999711 -0.016108 12.024300 -0.071879 0.017350 0.997262 -0.000000 0.000000 0.000000 0.000000 1.000000
0.997268 -0.016123 0.072089 0.000000 0.017471 0.999683 -0.018113 12.024300 -0.071774 0.019323 0.997234 -0.000000 0.000000 0.000000 0.000000 1.000000
0.997286 -0.015483 0.071980 -0.000000 0.016971 0.999654 -0.020111 12.024300 -0.071643 0.021278 0.997203 -0.000000 0.000000 0.000000 0.000000 1.000000
0.997324 -0.014828 0.071589 -0.000000 0.016456 0.999618 -0.022213 12.024300 -0.071232 0.023331 0.997187 0.000000 0.000000 0.000000 0.000000 1.000000
0.997368 -0.014288 0.071080 -0.000000 0.016060 0.999573 -0.024417 12.024300 -0.070700 0.025495 0.997172 0.000000 0.000000 0.000000 0.000000 1.000000
0.997413 -0.013880 0.070538 0.000000 0.015784 0.999524 -0.026502 12.024300 -0.070137 0.027547 0.997157 0.000000 0.000000 0.000000 0.000000 1.000000
0.997452 -0.013541 0.070045 -0.000000 0.015559 0.999477 -0.028345 12.024300 -0.069624 0.029363 0.997141 0.000000 0.000000 0.000000 0.000000 1.000000
0.997488 -0.013201 0.069590 0.000000 0.015316 0.999434 -0.029935 12.024300 -0.069156 0.030926 0.997126 0.000000 0.000000 0.000000 0.000000 1.000000
0.997518 -0.012900 0.069220 0.000000 0.015096 0.999396 -0.031290 12.024300 -0.068775 0.032257 0.997111 -0.000000 0.000000 0.000000 0.000000 1.000000
0.997533 -0.012609 0.069062 0.000000 0.014880 0.999362 -0.032466 12.024300 -0.068609 0.033414 0.997084 0.000000 0.000000 0.000000 0.000000 1.000000
0.997545 -0.012359 0.068926 -0.000000 0.014700 0.999328 -0.033571 12.024300 -0.068465 0.034501 0.997057 0.000000 0.000000 0.000000 0.000000 1.000000
0.997556 -0.012149 0.068809 0.000000 0.014560 0.999294 -0.034639 12.024300 -0.068339 0.035557 0.997028 0.000000 0.000000 0.000000 0.000000 1.000000
0.997564 -0.012026 0.068717 -0.000000 0.014509 0.999256 -0.035746 12.024300 -0.068236 0.036656 0.996996 0.000000 0.000000 0.000000 0.000000 1.000000
0.997570 -0.011961 0.068639 0.000000 0.014520 0.999213 -0.036904 12.024300 -0.068143 0.037811 0.996959 -0.000000 0.000000 0.000000 0.000000 1.000000
0.997576 -0.011888 0.068560 0.000000 0.014533 0.999164 -0.038202 12.024300 -0.068048 0.039106 0.996915 -0.000000 0.000000 0.000000 0.000000 1.000000
0.997583 -0.011822 0.068473 0.000000 0.014549 0.999115 -0.039464 12.024300 -0.067946 0.040365 0.996872 -0.000000 0.000000 0.000000 0.000000 1.000000
0.997588 -0.011758 0.068415 0.000000 0.014560 0.999069 -0.040605 12.024300 -0.067874 0.041503 0.996830 0.000000 0.000000 0.000000 0.000000 1.000000
0.997576 -0.011656 0.068607 -0.000000 0.014528 0.999032 -0.041511 12.024300 -0.068057 0.042407 0.996780 0.000000 0.000000 0.000000 0.000000 1.000000
0.997606 -0.011708 0.068157 -0.000000 0.014610 0.999001 -0.042236 12.024300 -0.067595 0.043131 0.996780 0.000000 0.000000 0.000000 0.000000 1.000000
0.997610 -0.011688 0.068106 -0.000000 0.014620 0.998980 -0.042718 12.024300 -0.067538 0.043612 0.996763 0.000000 0.000000 0.000000 0.000000 1.000000
0.997596 -0.011717 0.068296 0.000000 0.014672 0.998971 -0.042925 12.024300 -0.067723 0.043824 0.996741 0.000000 0.000000 0.000000 0.000000 1.000000
0.997501 -0.011701 0.069673 0.000000 0.014708 0.998975 -0.042800 12.024300 -0.069101 0.043717 0.996651 0.000000 0.000000 0.000000 0.000000 1.000000
0.997408 -0.011808 0.070978 -0.000000 0.014852 0.998986 -0.042512 12.024300 -0.070404 0.043456 0.996572 0.000000 0.000000 0.000000 0.000000 1.000000
0.997362 -0.012151 0.071570 -0.000000 0.015192 0.998998 -0.042102 12.024300 -0.070986 0.043078 0.996547 0.000000 0.000000 0.000000 0.000000 1.000000
0.997371 -0.012745 0.071337 -0.000000 0.015742 0.999010 -0.041603 12.024300 -0.070736 0.042617 0.996584 0.000000 0.000000 0.000000 0.000000 1.000000
0.997396 -0.013490 0.070842 0.000000 0.016427 0.999023 -0.041038 12.024300 -0.070219 0.042095 0.996643 -0.000000 0.000000 0.000000 0.000000 1.000000
0.997399 -0.014283 0.070645 0.000000 0.017170 0.999035 -0.040428 12.024300 -0.069999 0.041536 0.996682 -0.000000 0.000000 0.000000 0.000000 1.000000</float_array>
        <technique_common>
          <accessor source="#mixamorig_Spine1-Matrix-animation-output-transform-array" count="58" stride="16">
            <param type="float4x4"/>
          </accessor>
        </technique_common>
      </source>
      <source id="mixamorig_Spine1-Interpolations">
        <Name_array id="mixamorig_Spine1-Interpolations-array" count="58">
 LINEAR LINEAR LINEAR LINEAR LINEAR LINEAR LINEAR LINEAR LINEAR LINEAR LINEAR
LINEAR LINEAR LINEAR LINEAR LINEAR LINEAR LINEAR LINEAR LINEAR LINEAR LINEAR LINEAR
LINEAR LINEAR LINEAR LINEAR LINEAR LINEAR LINEAR LINEAR LINEAR LINEAR LINEAR LINEAR
LINEAR LINEAR LINEAR LINEAR LINEAR LINEAR LINEAR LINEAR LINEAR LINEAR LINEAR LINEAR
LINEAR LINEAR LINEAR LINEAR LINEAR LINEAR LINEAR LINEAR LINEAR LINEAR LINEAR</Name_array>
        <technique_common>
          <accessor source="#mixamorig_Spine1-Interpolations-array" count="58">
            <param type="name"/>
          </accessor>
        </technique_common>
      </source>
      <sampler id="mixamorig_Spine1-Matrix-animation-transform">
        <input semantic="INPUT" source="#mixamorig_Spine1-Matrix-animation-input"/>
        <input semantic="OUTPUT" source="#mixamorig_Spine1-Matrix-animation-output-transform"/>
        <input semantic="INTERPOLATION" source="#mixamorig_Spine1-Interpolations"/>
      </sampler>
      <channel source="#mixamorig_Spine1-Matrix-animation-transform" target="mixamorig_Spine1/matrix"/>
    </animation>
    <animation id="mixamorig_Spine2-anim" name="mixamorig_Spine2">
      <source id="mixamorig_Spine2-Matrix-animation-input">
        <float_array id="mixamorig_Spine2-Matrix-animation-input-array" count="58">

0.000000 0.033333 0.066667 0.100000 0.133333 0.166667 0.200000 0.233333 0.266667 0.300000 0.333333 0.366667 0.400000 0.433333 0.466667 0.500000
0.533333 0.566667 0.600000 0.633333 0.666667 0.700000 0.733333 0.766667 0.800000 0.833333 0.866667 0.900000 0.933333 0.966667 1.000000 1.033333
1.066667 1.100000 1.133333 1.166667 1.200000 1.233333 1.266667 1.300000 1.333333 1.366667 1.400000 1.433333 1.466667 1.500000 1.533333 1.566667
1.600000 1.633333 1.666667 1.700000 1.733333 1.766667 1.800000 1.833333 1.866667 1.900000</float_array>
        <technique_common>
          <accessor source="#mixamorig_Spine2-Matrix-animation-input-array" count="58">
            <param name="TIME" type="float"/>
          </accessor>
        </technique_common>
      </source>
      <source id="mixamorig_Spine2-Matrix-animation-output-transform">
        <float_array id="mixamorig_Spine2-Matrix-animation-output-transform-array" count="928">

0.997400 -0.030084 0.065489 0.000000 0.017856 0.983528 0.179871 17.815800 -0.069821 -0.178234 0.981508 -0.000000 0.000000 0.000000 0.000000 1.000000
0.997475 -0.029623 0.064543 0.000000 0.017557 0.983500 0.180054 17.815800 -0.068812 -0.178466 0.981537 0.000000 0.000000 0.000000 0.000000 1.000000
0.997591 -0.028890 0.063063 0.000000 0.017074 0.983441 0.180425 17.815800 -0.067231 -0.178913 0.981565 0.000000 0.000000 0.000000 0.000000 1.000000
0.997732 -0.028002 0.061207 -0.000000 0.016491 0.983335 0.181054 17.815800 -0.065257 -0.179634 0.981567 0.000000 0.000000 0.000000 0.000000 1.000000
0.997858 -0.027254 0.059469 -0.000000 0.016006 0.983166 0.182013 17.815800 -0.063429 -0.180671 0.981496 -0.000000 0.000000 0.000000 0.000000 1.000000
0.997935 -0.026923 0.058313 0.000000 0.015800 0.982908 0.183417 17.815800 -0.062254 -0.182117 0.981304 -0.000000 0.000000 0.000000 0.000000 1.000000
0.997961 -0.027065 0.057805 -0.000000 0.015915 0.982558 0.185275 17.815800 -0.061811 -0.183977 0.980985 0.000000 0.000000 0.000000 0.000000 1.000000
0.997952 -0.027545 0.057730 0.000000 0.016259 0.982123 0.187534 17.815800 -0.061863 -0.186212 0.980560 0.000000 0.000000 0.000000 0.000000 1.000000
0.997926 -0.028142 0.057894 -0.000000 0.016664 0.981653 0.189948 17.815800 -0.062177 -0.188589 0.980086 -0.000000 0.000000 0.000000 0.000000 1.000000
0.997889 -0.028811 0.058210 -0.000000 0.017104 0.981165 0.192414 17.815800 -0.062657 -0.191012 0.979586 0.000000 0.000000 0.000000 0.000000 1.000000
0.997843 -0.029512 0.058635 -0.000000 0.017557 0.980684 0.194810 17.815800 -0.063252 -0.193360 0.979087 -0.000000 0.000000 0.000000 0.000000 1.000000
0.997792 -0.030193 0.059158 0.000000 0.017978 0.980224 0.197072 17.815800 -0.063939 -0.195574 0.978602 0.000000 0.000000 0.000000 0.000000 1.000000
0.997735 -0.030882 0.059759 -0.000000 0.018394 0.979782 0.199219 17.815800 -0.064703 -0.197669 0.978131 0.000000 0.000000 0.000000 0.000000 1.000000
0.997676 -0.031470 0.060426 -0.000000 0.018702 0.979359 0.201263 17.815800 -0.065512 -0.199665 0.977672 0.000000 0.000000 0.000000 0.000000 1.000000
0.997618 -0.031961 0.061137 0.000000 0.018903 0.978934 0.203300 17.815800 -0.066346 -0.201660 0.977206 0.000000 0.000000 0.000000 0.000000 1.000000
0.997558 -0.032378 0.061886 0.000000 0.019027 0.978523 0.205256 17.815800 -0.067202 -0.203577 0.976750 -0.000000 0.000000 0.000000 0.000000 1.000000
0.997497 -0.032797 0.062642 -0.000000 0.019156 0.978137 0.207077 17.815800 -0.068064 -0.205359 0.976317 0.000000 0.000000 0.000000 0.000000 1.000000
0.997436 -0.033208 0.063394 0.000000 0.019284 0.977773 0.208779 17.815800 -0.068918 -0.207021 0.975906 -0.000000 0.000000 0.000000 0.000000 1.000000
0.997375 -0.033603 0.064134 0.000000 0.019408 0.977443 0.210308 17.815800 -0.069754 -0.208511 0.975529 0.000000 0.000000 0.000000 0.000000 1.000000
0.997321 -0.033970 0.064778 0.000000 0.019532 0.977137 0.211710 17.815800 -0.070488 -0.209877 0.975184 0.000000 0.000000 0.000000 0.000000 1.000000
0.997275 -0.034300 0.065323 0.000000 0.019645 0.976852 0.213010 17.815800 -0.071117 -0.211147 0.974864 -0.000000 0.000000 0.000000 0.000000 1.000000
0.997235 -0.034586 0.065776 0.000000 0.019750 0.976615 0.214086 17.815800 -0.071642 -0.212195 0.974598 0.000000 0.000000 0.000000 0.000000 1.000000
0.997215 -0.034810 0.065963 0.000000 0.019879 0.976460 0.214782 17.815800 -0.071886 -0.212872 0.974432 0.000000 0.000000 0.000000 0.000000 1.000000
0.997213 -0.034946 0.065923 0.000000 0.020005 0.976412 0.214988 17.815800 -0.071881 -0.213070 0.974389 -0.000000 0.000000 0.000000 0.000000 1.000000
0.997224 -0.034996 0.065716 0.000000 0.020115 0.976461 0.214755 17.815800 -0.071685 -0.212837 0.974455 -0.000000 0.000000 0.000000 0.000000 1.000000
0.997247 -0.034996 0.065370 0.000000 0.020239 0.976606 0.214082 17.815800 -0.071333 -0.212169 0.974626 -0.000000 0.000000 0.000000 0.000000 1.000000
0.997269 -0.035008 0.065025 0.000000 0.020404 0.976844 0.212978 17.815800 -0.070975 -0.211070 0.974891 -0.000000 0.000000 0.000000 0.000000 1.000000
0.997285 -0.034933 0.064831 0.000000 0.020478 0.977161 0.211513 17.815800 -0.070740 -0.209611 0.975223 0.000000 0.000000 0.000000 0.000000 1.000000
0.997291 -0.034775 0.064825 0.000000 0.020450 0.977533 0.209786 17.815800 -0.070664 -0.207892 0.975596 -0.000000 0.000000 0.000000 0.000000 1.000000
0.997302 -0.034425 0.064836 0.000000 0.020245 0.977953 0.207843 17.815800 -0.070561 -0.205970 0.976011 0.000000 0.000000 0.000000 0.000000 1.000000
0.997314 -0.034040 0.064849 0.000000 0.020011 0.978387 0.205812 17.815800 -0.070453 -0.203961 0.976441 0.000000 0.000000 0.000000 0.000000 1.000000
