<?xml version="1.0" encoding="utf-8"?>
<COLLADA xmlns="http://www.collada.org/2005/11/COLLADASchema" version="1.4.1">
  <asset>
    <contributor>
      <author>Mixamo</author>
      <authoring_tool>COLLADA Mixamo exporter</authoring_tool>
      <comments/>
    </contributor>
    <created>2024-02-12T07:32:25Z</created>
    <modified>2024-02-12T07:32:25Z</modified>
    <revision/>
    <title/>
    <unit meter="0.010000"/>
    <up_axis>Y_UP</up_axis>
  </asset>
  <library_animations>
    <animation id="mixamorig_Hips-anim" name="mixamorig_Hips">
      <source id="mixamorig_Hips-Matrix-animation-input">
        <float_array id="mixamorig_Hips-Matrix-animation-input-array" count="147">

0.000000 0.033333 0.066667 0.100000 0.133333 0.166667 0.200000 0.233333 0.266667 0.300000 0.333333 0.366667 0.400000 0.433333 0.466667 0.500000
0.533333 0.566667 0.600000 0.633333 0.666667 0.700000 0.733333 0.766667 0.800000 0.833333 0.866667 0.900000 0.933333 0.966667 1.000000 1.033333
1.066667 1.100000 1.133333 1.166667 1.200000 1.233333 1.266667 1.300000 1.333333 1.366667 1.400000 1.433333 1.466667 1.500000 1.533333 1.566667
1.600000 1.633333 1.666667 1.700000 1.733333 1.766667 1.800000 1.833333 1.866667 1.900000 1.933333 1.966667 2.000000 2.033333 2.066667 2.100000
2.133333 2.166667 2.200000 2.233333 2.266667 2.300000 2.333333 2.366667 2.400000 2.433333 2.466667 2.500000 2.533333 2.566667 2.600000 2.633333
2.666667 2.700000 2.733333 2.766667 2.800000 2.833333 2.866667 2.900000 2.933333 2.966667 3.000000 3.033333 3.066667 3.100000 3.133333 3.166667
3.200000 3.233333 3.266667 3.300000 3.333333 3.366667 3.400000 3.433333 3.466667 3.500000 3.533333 3.566667 3.600000 3.633333 3.666667 3.700000
3.733333 3.766667 3.800000 3.833333 3.866667 3.900000 3.933333 3.966667 4.000000 4.033333 4.066667 4.100000 4.133333 4.166667 4.200000 4.233333
4.266667 4.300000 4.333333 4.366667 4.400000 4.433333 4.466667 4.500000 4.533333 4.566667 4.600000 4.633333 4.666667 4.700000 4.733333 4.766667
4.800000 4.833333 4.866667</float_array>
        <technique_common>
          <accessor source="#mixamorig_Hips-Matrix-animation-input-array" count="147">
            <param name="TIME" type="float"/>
          </accessor>
        </technique_common>
      </source>
      <source id="mixamorig_Hips-Matrix-animation-output-transform">
        <float_array id="mixamorig_Hips-Matrix-animation-output-transform-array" count="2352">

0.835886 0.371976 -0.403643 -2.130730 -0.163519 0.870724 0.463790 85.456680 0.523981 -0.321673 0.788651 -1.559205 0.000000 0.000000 0.000000 1.000000
0.733523 0.371180 -0.569359 -0.409139 -0.133927 0.900218 0.414333 91.414337 0.666339 -0.227671 0.710042 -1.715772 0.000000 0.000000 0.000000 1.000000
0.611605 0.306090 -0.729554 2.793552 -0.107981 0.945793 0.306292 98.506264 0.783760 -0.108552 0.611504 -2.859229 0.000000 0.000000 0.000000 1.000000
0.496659 0.224199 -0.838489 5.896520 -0.124086 0.974480 0.187061 104.373192 0.859030 0.011139 0.511804 -4.392400 0.000000 0.000000 0.000000 1.000000
0.440518 0.124181 -0.889114 8.988499 -0.150026 0.986643 0.063471 108.585716 0.885119 0.105430 0.453264 -6.320087 0.000000 0.000000 0.000000 1.000000
0.431948 0.046624 -0.900693 12.601392 -0.157556 0.987207 -0.024458 110.624809 0.888030 0.152474 0.433768 -8.784495 0.000000 0.000000 0.000000 1.000000
0.466157 0.023996 -0.884377 16.176857 -0.172631 0.982884 -0.064325 110.015190 0.867696 0.182656 0.462320 -10.923572 0.000000 0.000000 0.000000 1.000000
0.535901 0.028042 -0.843815 20.153149 -0.196876 0.976046 -0.092598 107.131592 0.821006 0.215751 0.528585 -13.709239 0.000000 0.000000 0.000000 1.000000
0.616524 0.046412 -0.785967 24.548792 -0.209296 0.972005 -0.106777 102.771179 0.759008 0.230330 0.608979 -16.465509 0.000000 0.000000 0.000000 1.000000
0.675585 0.053330 -0.735351 29.288296 -0.221431 0.966012 -0.133375 98.712440 0.703245 0.252936 0.664432 -18.841579 0.000000 0.000000 0.000000 1.000000
0.711896 0.035255 -0.701400 34.257381 -0.217197 0.960827 -0.172153 97.437859 0.667855 0.274897 0.691666 -19.927380 0.000000 0.000000 0.000000 1.000000
0.766838 0.007188 -0.641800 39.283531 -0.175585 0.964143 -0.198994 98.260429 0.617357 0.265287 0.740604 -18.923962 0.000000 0.000000 0.000000 1.000000
0.818328 -0.038840 -0.573437 43.853867 -0.111938 0.967839 -0.225295 101.538048 0.563745 0.248555 0.787662 -16.151722 0.000000 0.000000 0.000000 1.000000
0.848535 -0.097723 -0.520036 48.805134 -0.037191 0.969353 -0.242841 106.635643 0.527830 0.225399 0.818896 -12.292145 0.000000 0.000000 0.000000 1.000000
0.840105 -0.141860 -0.523545 54.393303 -0.006951 0.962301 -0.271898 111.510040 0.542380 0.232062 0.807448 -8.929499 0.000000 0.000000 0.000000 1.000000
0.831134 -0.190932 -0.522266 59.230358 0.025499 0.951303 -0.307202 114.483635 0.555487 0.242009 0.795529 -6.275770 0.000000 0.000000 0.000000 1.000000
0.900611 -0.220805 -0.374359 62.322372 0.093002 0.939292 -0.330275 116.094269 0.424558 0.262633 0.866472 -2.677525 0.000000 0.000000 0.000000 1.000000
0.965051 -0.229039 -0.127352 64.898468 0.178468 0.930245 -0.320615 116.833069 0.191902 0.286681 0.938609 1.068248 0.000000 0.000000 0.000000 1.000000
0.971569 -0.231700 0.048668 68.793465 0.235561 0.925396 -0.296905 116.572426 0.023755 0.299928 0.953666 4.154213 0.000000 0.000000 0.000000 1.000000
0.955966 -0.237848 0.171923 73.459137 0.278020 0.921566 -0.270965 113.914734 -0.093990 0.306831 0.947112 7.423424 0.000000 0.000000 0.000000 1.000000
0.942573 -0.245415 0.226555 78.310143 0.301040 0.918051 -0.257988 109.092781 -0.144675 0.311375 0.939210 11.907388 0.000000 0.000000 0.000000 1.000000
0.942069 -0.242540 0.231691 83.177719 0.299060 0.920149 -0.252763 103.766113 -0.151886 0.307409 0.939378 17.274578 0.000000 0.000000 0.000000 1.000000
0.930301 -0.212809 0.298751 88.301056 0.287717 0.928563 -0.234498 98.219391 -0.227506 0.304110 0.925072 23.593166 0.000000 0.000000 0.000000 1.000000
0.865620 -0.224886 0.447357 92.010773 0.321596 0.934516 -0.152496 94.456177 -0.383768 0.275872 0.881259 30.028034 0.000000 0.000000 0.000000 1.000000
0.770285 -0.256686 0.583758 94.599487 0.369302 0.925843 -0.080198 89.981201 -0.519883 0.277358 0.807957 34.849617 0.000000 0.000000 0.000000 1.000000
0.679980 -0.232039 0.695547 94.929337 0.361984 0.931181 -0.043235 88.285477 -0.637648 0.281176 0.717179 41.829041 0.000000 0.000000 0.000000 1.000000
0.561500 -0.183018 0.806983 93.278320 0.331767 0.943209 -0.016931 89.913681 -0.758055 0.277237 0.590332 51.531559 0.000000 0.000000 0.000000 1.000000
0.391373 -0.114698 0.913056 90.559990 0.279221 0.960226 0.000938 93.885902 -0.876848 0.254577 0.407833 62.449219 0.000000 0.000000 0.000000 1.000000
0.187971 -0.028632 0.981757 88.383400 0.209542 0.977731 -0.011605 98.053253 -0.959562 0.207901 0.189784 74.067871 0.000000 0.000000 0.000000 1.000000
-0.001032 0.050895 0.998704 87.627983 0.129772 0.990266 -0.050330 100.490959 -0.991543 0.129552 -0.007626 84.605080 0.000000 0.000000 0.000000 1.000000
-0.163784 0.101372 0.981274 87.342712 0.046053 0.994407 -0.095042 100.611664 -0.985421 0.029625 -0.167537 93.659081 0.000000 0.000000 0.000000 1.000000
-0.301586 0.108961 0.947192 86.188057 -0.024478 0.992236 -0.121936 99.779236 -0.953125 -0.059960 -0.296577 101.887413 0.000000 0.000000 0.000000 1.000000
-0.437537 0.108833 0.892590 83.948082 -0.061834 0.986657 -0.150613 97.821426 -0.897072 -0.121092 -0.424970 110.465935 0.000000 0.000000 0.000000 1.000000
-0.588387 0.102692 0.802032 81.613792 -0.081381 0.979345 -0.185098 94.600838 -0.804474 -0.174180 -0.567877 120.038895 0.000000 0.000000 0.000000 1.000000
-0.741577 0.052060 0.668845 79.468079 -0.111328 0.973611 -0.199216 92.712769 -0.661566 -0.222195 -0.716212 129.295822 0.000000 0.000000 0.000000 1.000000
-0.815182 0.071976 0.574716 77.643234 -0.097286 0.961137 -0.258361 93.891006 -0.570977 -0.266523 -0.776499 136.817917 0.000000 0.000000 0.000000 1.000000
-0.845748 0.126925 0.518266 75.076057 -0.073176 0.934529 -0.348283 96.821060 -0.528540 -0.332484 -0.781089 142.636490 0.000000 0.000000 0.000000 1.000000
-0.869682 0.177918 0.460433 72.386475 -0.047517 0.898274 -0.436859 99.965530 -0.491320 -0.401807 -0.772759 148.216751 0.000000 0.000000 0.000000 1.000000
-0.880687 0.231237 0.413425 69.210983 -0.025795 0.848054 -0.529282 103.562599 -0.472996 -0.476796 -0.740905 152.905396 0.000000 0.000000 0.000000 1.000000
-0.888313 0.276392 0.366752 66.128174 -0.007372 0.789924 -0.613160 106.641891 -0.459179 -0.547382 -0.699662 157.318512 0.000000 0.000000 0.000000 1.000000
-0.898549 0.294047 0.325801 63.280815 -0.007332 0.732195 -0.681055 109.340530 -0.438812 -0.614350 -0.655757 161.603577 0.000000 0.000000 0.000000 1.000000
-0.911127 0.302727 0.279648 61.372765 0.003911 0.684873 -0.728652 109.964630 -0.412106 -0.662801 -0.625191 166.205963 0.000000 0.000000 0.000000 1.000000
-0.922295 0.309876 0.230971 59.143337 0.026749 0.647367 -0.761709 108.894386 -0.385559 -0.696342 -0.605353 171.090958 0.000000 0.000000 0.000000 1.000000
-0.934035 0.294210 0.202532 56.967922 0.014204 0.597176 -0.801985 106.338699 -0.356899 -0.746205 -0.561962 175.764114 0.000000 0.000000 0.000000 1.000000
-0.947077 0.267252 0.177825 55.441959 -0.000364 0.553066 -0.833137 102.946770 -0.321007 -0.789110 -0.523699 179.261765 0.000000 0.000000 0.000000 1.000000
-0.957844 0.247505 0.145861 54.621765 -0.001431 0.503602 -0.863935 98.950424 -0.287284 -0.827724 -0.482018 181.116684 0.000000 0.000000 0.000000 1.000000
-0.965584 0.230380 0.120720 54.746677 -0.009303 0.433252 -0.901225 95.891037 -0.259926 -0.871331 -0.416198 181.118698 0.000000 0.000000 0.000000 1.000000
-0.970227 0.225335 0.088790 54.912491 -0.014033 0.313682 -0.949424 93.189819 -0.241790 -0.922403 -0.301181 180.589355 0.000000 0.000000 0.000000 1.000000
-0.969220 0.238854 0.059674 54.705982 -0.013507 0.190430 -0.981608 92.897568 -0.245825 -0.952200 -0.181343 179.704758 0.000000 0.000000 0.000000 1.000000
-0.972071 0.234672 -0.002639 55.224693 0.016253 0.056096 -0.998293 96.847633 -0.234123 -0.970455 -0.058344 176.823135 0.000000 0.000000 0.000000 1.000000
-0.972747 0.220346 -0.072182 55.599331 0.058366 -0.068587 -0.995936 102.354149 -0.224401 -0.973008 0.053857 174.403030 0.000000 0.000000 0.000000 1.000000
-0.971894 0.197242 -0.128519 56.133339 0.091524 -0.186400 -0.978202 107.807755 -0.216899 -0.962471 0.163109 171.838135 0.000000 0.000000 0.000000 1.000000
-0.966007 0.173271 -0.191852 57.095566 0.134303 -0.297748 -0.945150 113.889771 -0.220891 -0.938788 0.264355 168.134232 0.000000 0.000000 0.000000 1.000000
-0.951805 0.152892 -0.265879 58.630253 0.185305 -0.404110 -0.895744 122.027397 -0.244397 -0.901842 0.356302 163.630051 0.000000 0.000000 0.000000 1.000000
-0.927670 0.129138 -0.350360 60.952713 0.242857 -0.504064 -0.828819 130.113831 -0.283635 -0.853957 0.436243 157.496017 0.000000 0.000000 0.000000 1.000000
-0.901906 0.098970 -0.420441 62.436951 0.285317 -0.594291 -0.751939 136.388641 -0.324284 -0.798137 0.507757 153.103699 0.000000 0.000000 0.000000 1.000000
-0.862483 0.075982 -0.500349 63.990147 0.323821 -0.676931 -0.660988 141.623001 -0.388925 -0.732114 0.559237 148.533371 0.000000 0.000000 0.000000 1.000000
-0.823939 0.060469 -0.563443 65.110237 0.338954 -0.744226 -0.575533 145.176163 -0.454131 -0.665185 0.592701 144.920441 0.000000 0.000000 0.000000 1.000000
-0.789620 0.045131 -0.611934 66.227516 0.334619 -0.804272 -0.491098 148.208176 -0.514324 -0.592546 0.619968 141.500687 0.000000 0.000000 0.000000 1.000000
-0.765866 0.025481 -0.642495 67.466675 0.314749 -0.856462 -0.409153 150.973404 -0.560698 -0.515581 0.647915 138.729156 0.000000 0.000000 0.000000 1.000000
-0.750043 0.000456 -0.661389 68.515930 0.292777 -0.896456 -0.332639 153.389877 -0.593057 -0.443133 0.672247 136.561447 0.000000 0.000000 0.000000 1.000000
-0.742634 -0.026663 -0.669167 69.475563 0.267065 -0.928108 -0.259405 154.751144 -0.614143 -0.371354 0.696366 134.298157 0.000000 0.000000 0.000000 1.000000
-0.752071 -0.054379 -0.656835 70.791496 0.236082 -0.952689 -0.191439 154.491760 -0.615350 -0.299043 0.729327 132.215408 0.000000 0.000000 0.000000 1.000000
-0.768703 -0.080680 -0.634497 72.609085 0.204143 -0.971076 -0.123844 153.241516 -0.606153 -0.224728 0.762939 130.404541 0.000000 0.000000 0.000000 1.000000
-0.781476 -0.110698 -0.614037 74.001953 0.186534 -0.980576 -0.060622 152.114441 -0.595400 -0.161913 0.786945 128.680069 0.000000 0.000000 0.000000 1.000000
-0.778871 -0.139543 -0.611464 74.796211 0.173574 -0.984814 0.003651 151.241165 -0.602688 -0.103290 0.791264 126.736427 0.000000 0.000000 0.000000 1.000000
-0.764654 -0.170244 -0.621548 75.364288 0.160470 -0.984396 0.072213 150.474060 -0.624143 -0.044522 0.780041 124.809525 0.000000 0.000000 0.000000 1.000000
-0.754839 -0.192642 -0.626983 75.881531 0.143392 -0.981242 0.128855 149.779404 -0.640044 0.007361 0.768303 123.126869 0.000000 0.000000 0.000000 1.000000
-0.753820 -0.203309 -0.624837 76.410027 0.127178 -0.978090 0.164819 149.237122 -0.644656 0.044779 0.763160 121.792809 0.000000 0.000000 0.000000 1.000000
-0.762385 -0.209096 -0.612411 77.068581 0.124836 -0.976104 0.177865 148.916656 -0.634969 0.059151 0.770270 120.715706 0.000000 0.000000 0.000000 1.000000
-0.771697 -0.213789 -0.598981 77.718163 0.123038 -0.974200 0.189197 148.606628 -0.623975 0.072305 0.778092 119.645874 0.000000 0.000000 0.000000 1.000000
-0.781539 -0.217616 -0.584671 78.370071 0.121882 -0.972390 0.199003 148.309494 -0.611834 0.084268 0.786484 118.590714 0.000000 0.000000 0.000000 1.000000
-0.791699 -0.220823 -0.569605 79.035675 0.121483 -0.970671 0.207458 148.027664 -0.598711 0.095047 0.795306 117.557594 0.000000 0.000000 0.000000 1.000000
-0.801971 -0.223673 -0.553907 79.726295 0.121963 -0.969030 0.214721 147.763580 -0.584780 0.104644 0.804414 116.553902 0.000000 0.000000 0.000000 1.000000
-0.812158 -0.226437 -0.537704 80.453278 0.123459 -0.967443 0.220933 147.519669 -0.570225 0.113049 0.813673 115.587029 0.000000 0.000000 0.000000 1.000000
-0.822071 -0.229395 -0.521130 81.227943 0.126114 -0.965877 0.226224 147.298325 -0.555242 0.120250 0.822950 114.664337 0.000000 0.000000 0.000000 1.000000
-0.831704 -0.233008 -0.503960 82.091393 0.131059 -0.964418 0.229610 147.121124 -0.539529 0.124919 0.832648 113.823494 0.000000 0.000000 0.000000 1.000000
-0.841635 -0.238383 -0.484586 83.177582 0.142802 -0.963602 0.226005 147.071503 -0.520824 0.121014 0.845043 113.202087 0.000000 0.000000 0.000000 1.000000
-0.851208 -0.245226 -0.464015 84.384834 0.158491 -0.962956 0.218168 147.085617 -0.500326 0.112164 0.858541 112.706535 0.000000 0.000000 0.000000 1.000000
-0.859912 -0.252538 -0.443595 85.575493 0.173911 -0.961993 0.210532 147.076736 -0.479903 0.103893 0.871148 112.207291 0.000000 0.000000 0.000000 1.000000
-0.865112 -0.263975 -0.426495 86.915611 0.191075 -0.959635 0.206375 146.764938 -0.463757 0.097045 0.880631 111.997948 0.000000 0.000000 0.000000 1.000000
-0.867760 -0.276891 -0.412703 88.386650 0.208996 -0.956731 0.202450 146.288101 -0.450903 0.089425 0.888082 111.908813 0.000000 0.000000 0.000000 1.000000
-0.869740 -0.290032 -0.399292 89.865532 0.227038 -0.953530 0.198077 145.801163 -0.438186 0.081621 0.895171 111.826866 0.000000 0.000000 0.000000 1.000000
-0.871046 -0.303522 -0.386204 91.353531 0.245315 -0.949975 0.193311 145.303314 -0.425558 0.073641 0.901930 111.753342 0.000000 0.000000 0.000000 1.000000
-0.871659 -0.317481 -0.373385 92.851974 0.263944 -0.946001 0.188191 144.793625 -0.412970 0.065486 0.908387 111.689491 0.000000 0.000000 0.000000 1.000000
-0.871545 -0.332030 -0.360784 94.362122 0.283043 -0.941535 0.182750 144.271301 -0.400369 0.057158 0.914570 111.636551 0.000000 0.000000 0.000000 1.000000
-0.865929 -0.357681 -0.349615 96.239319 0.312465 -0.932667 0.180270 143.368729 -0.390554 0.046859 0.919387 111.953064 0.000000 0.000000 0.000000 1.000000
-0.858547 -0.385841 -0.337674 98.232811 0.345636 -0.921966 0.174687 142.433273 -0.378725 0.033265 0.924911 112.476868 0.000000 0.000000 0.000000 1.000000
-0.848143 -0.414148 -0.330357 100.196472 0.383169 -0.910184 0.157310 141.699783 -0.365835 0.006839 0.930655 113.315186 0.000000 0.000000 0.000000 1.000000
-0.836365 -0.442336 -0.323778 102.119987 0.424481 -0.896336 0.128053 141.189789 -0.346856 -0.030339 0.937427 114.406990 0.000000 0.000000 0.000000 1.000000
-0.826773 -0.472322 -0.305547 103.609177 0.469432 -0.878582 0.087908 140.831299 -0.309969 -0.070753 0.948110 115.707497 0.000000 0.000000 0.000000 1.000000
-0.819267 -0.501900 -0.277303 104.535309 0.514337 -0.857007 0.031562 140.676483 -0.253491 -0.116770 0.960264 117.079681 0.000000 0.000000 0.000000 1.000000
-0.813605 -0.532748 -0.232866 104.458115 0.558960 -0.826943 -0.061063 140.482605 -0.160036 -0.179844 0.970590 117.992355 0.000000 0.000000 0.000000 1.000000
-0.798277 -0.570450 -0.193237 104.246803 0.599264 -0.784401 -0.159995 140.237305 -0.060306 -0.243520 0.968019 118.789520 0.000000 0.000000 0.000000 1.000000
-0.764147 -0.628264 -0.146163 103.468979 0.642194 -0.719714 -0.263815 139.950821 0.060550 -0.295458 0.953435 118.803246 0.000000 0.000000 0.000000 1.000000
-0.725502 -0.682107 -0.091522 102.638702 0.662727 -0.656564 -0.360161 139.214203 0.185578 -0.321951 0.928390 118.552490 0.000000 0.000000 0.000000 1.000000
-0.698219 -0.714295 -0.047687 102.475792 0.657993 -0.614088 -0.435823 137.324753 0.282022 -0.335677 0.898768 118.419662 0.000000 0.000000 0.000000 1.000000
-0.672475 -0.738864 -0.043089 104.215919 0.661298 -0.573695 -0.483280 134.628311 0.332358 -0.353488 0.874405 119.115486 0.000000 0.000000 0.000000 1.000000
-0.637403 -0.767681 -0.066209 106.657646 0.681137 -0.521198 -0.514204 131.127365 0.360236 -0.372853 0.855109 120.018631 0.000000 0.000000 0.000000 1.000000
-0.587768 -0.802824 -0.100012 109.026413 0.705323 -0.447940 -0.549427 127.199623 0.396294 -0.393476 0.829535 120.552132 0.000000 0.000000 0.000000 1.000000
-0.517830 -0.841579 -0.153617 111.844566 0.730915 -0.341927 -0.590634 121.978996 0.444539 -0.418129 0.792183 121.013809 0.000000 0.000000 0.000000 1.000000
-0.428546 -0.864258 -0.263449 115.102432 0.757022 -0.184288 -0.626861 114.877815 0.493220 -0.468076 0.733239 121.731911 0.000000 0.000000 0.000000 1.000000
-0.337745 -0.865638 -0.369592 118.304512 0.768506 -0.026902 -0.639277 106.067802 0.543440 -0.499947 0.674334 122.255280 0.000000 0.000000 0.000000 1.000000
-0.281609 -0.841481 -0.461093 119.890625 0.737024 0.118004 -0.665485 101.948288 0.614404 -0.527243 0.586960 121.482071 0.000000 0.000000 0.000000 1.000000
-0.248185 -0.796847 -0.550853 121.389908 0.670116 0.269409 -0.691638 99.624924 0.699535 -0.540789 0.467117 120.990379 0.000000 0.000000 0.000000 1.000000
-0.251762 -0.731135 -0.634080 122.300705 0.561507 0.423280 -0.711016 98.182861 0.788242 -0.535047 0.303972 120.622879 0.000000 0.000000 0.000000 1.000000
-0.308518 -0.654316 -0.690425 121.424690 0.420193 0.557428 -0.716039 98.815147 0.853378 -0.511023 0.102963 119.083305 0.000000 0.000000 0.000000 1.000000
-0.398571 -0.582215 -0.708637 118.806465 0.300135 0.647315 -0.700644 101.310776 0.866637 -0.491944 -0.083258 116.005333 0.000000 0.000000 0.000000 1.000000
-0.493610 -0.513775 -0.701701 115.490959 0.200070 0.718123 -0.666537 105.013138 0.846357 -0.469399 -0.251682 112.246811 0.000000 0.000000 0.000000 1.000000
-0.598296 -0.432411 -0.674583 111.940468 0.139497 0.772821 -0.619103 108.551674 0.789039 -0.464510 -0.402055 108.535881 0.000000 0.000000 0.000000 1.000000
-0.693157 -0.353130 -0.628357 108.240479 0.082769 0.827003 -0.556071 111.356628 0.716019 -0.437453 -0.544015 104.751686 0.000000 0.000000 0.000000 1.000000
-0.768007 -0.270877 -0.580337 104.766655 0.051066 0.877366 -0.477097 112.424789 0.638403 -0.396049 -0.659990 101.046112 0.000000 0.000000 0.000000 1.000000
-0.843762 -0.181848 -0.504973 101.018654 0.021095 0.928890 -0.369755 112.383957 0.536303 -0.322637 -0.779926 97.117401 0.000000 0.000000 0.000000 1.000000
-0.897859 -0.105492 -0.427458 97.086205 0.005142 0.968293 -0.249764 111.830208 0.440253 -0.226451 -0.868848 93.363365 0.000000 0.000000 0.000000 1.000000
-0.937455 -0.042909 -0.345453 92.508171 0.017476 0.985321 -0.169815 109.842270 0.347669 -0.165231 -0.922944 89.587906 0.000000 0.000000 0.000000 1.000000
-0.973485 0.018012 -0.228041 87.618179 0.034182 0.997157 -0.067159 106.457886 0.226183 -0.073173 -0.971332 84.756897 0.000000 0.000000 0.000000 1.000000
-0.993712 0.061807 -0.093357 82.725479 0.062393 0.998046 -0.003373 102.029480 0.092966 -0.009176 -0.995627 79.429596 0.000000 0.000000 0.000000 1.000000
-0.993998 0.099368 0.045771 78.243416 0.101322 0.993943 0.042565 97.774406 -0.041264 0.046947 -0.998045 74.508186 0.000000 0.000000 0.000000 1.000000
-0.973757 0.132670 0.184919 73.878418 0.149034 0.985787 0.077537 94.128830 -0.172004 0.103062 -0.979690 70.142601 0.000000 0.000000 0.000000 1.000000
-0.931746 0.155361 0.328195 69.613144 0.196852 0.975621 0.097024 91.248207 -0.305120 0.155008 -0.939614 66.792625 0.000000 0.000000 0.000000 1.000000
-0.861397 0.158247 0.482653 65.274933 0.224385 0.971037 0.082091 91.120590 -0.455683 0.179013 -0.871956 65.724251 0.000000 0.000000 0.000000 1.000000
-0.747335 0.143301 0.648810 60.614441 0.227018 0.972773 0.046638 94.241524 -0.624462 0.182146 -0.759520 66.304703 0.000000 0.000000 0.000000 1.000000
-0.600186 0.113935 0.791704 55.534828 0.187714 0.982223 0.000952 99.332100 -0.777522 0.149185 -0.610904 68.577118 0.000000 0.000000 0.000000 1.000000
-0.394293 0.083333 0.915199 50.851730 0.161269 0.986700 -0.020364 104.857224 -0.904724 0.139564 -0.402488 71.716698 0.000000 0.000000 0.000000 1.000000
-0.196614 0.086849 0.976627 47.577888 0.137130 0.988715 -0.060317 108.410759 -0.970844 0.122066 -0.206305 74.534790 0.000000 0.000000 0.000000 1.000000
-0.050217 0.126942 0.990638 44.628448 0.142355 0.982672 -0.118704 110.135925 -0.988541 0.135062 -0.067418 76.844978 0.000000 0.000000 0.000000 1.000000
0.120615 0.133149 0.983729 41.346165 0.128491 0.980534 -0.148471 110.707748 -0.984348 0.144308 0.101159 78.940491 0.000000 0.000000 0.000000 1.000000
0.325858 0.152616 0.933019 37.775681 0.057866 0.981815 -0.180807 109.957596 -0.943646 0.112908 0.311101 80.920273 0.000000 0.000000 0.000000 1.000000
0.495601 0.183529 0.848938 34.000263 -0.012809 0.978858 -0.204139 107.476295 -0.868456 0.090297 0.487474 82.956398 0.000000 0.000000 0.000000 1.000000
0.638943 0.196807 0.743653 30.596027 -0.060519 0.976583 -0.206454 102.386230 -0.766870 0.086907 0.635891 85.693092 0.000000 0.000000 0.000000 1.000000
0.759226 0.205421 0.617559 27.951469 -0.115397 0.976337 -0.182893 97.745483 -0.640515 0.067593 0.764965 88.472191 0.000000 0.000000 0.000000 1.000000
0.850602 0.217134 0.478883 26.024181 -0.165357 0.975008 -0.148377 94.582703 -0.499133 0.047023 0.865249 91.490005 0.000000 0.000000 0.000000 1.000000
0.914435 0.226717 0.335274 24.749865 -0.199180 0.973210 -0.114848 93.416321 -0.352330 0.038241 0.935094 94.752586 0.000000 0.000000 0.000000 1.000000
0.949899 0.235006 0.206068 23.666451 -0.223264 0.971565 -0.078836 94.310822 -0.218735 0.028879 0.975357 98.848038 0.000000 0.000000 0.000000 1.000000
0.971984 0.224954 0.068143 22.595871 -0.222487 0.974033 -0.041952 97.027504 -0.075811 0.025616 0.996793 103.421967 0.000000 0.000000 0.000000 1.000000
0.975534 0.210311 -0.064050 21.402388 -0.210633 0.977564 0.001761 100.936371 0.062984 0.011773 0.997945 108.363747 0.000000 0.000000 0.000000 1.000000
0.961671 0.216388 -0.168420 20.179138 -0.208836 0.976012 0.061547 104.511200 0.177698 -0.024016 0.983792 113.586800 0.000000 0.000000 0.000000 1.000000
0.939520 0.230463 -0.253356 18.405123 -0.207665 0.971570 0.113693 106.980453 0.272355 -0.054204 0.960669 118.936348 0.000000 0.000000 0.000000 1.000000
0.919110 0.235068 -0.316196 16.419558 -0.191573 0.967899 0.162701 108.039604 0.344291 -0.088966 0.934638 123.372765 0.000000 0.000000 0.000000 1.000000
0.899436 0.246075 -0.361194 14.381806 -0.171317 0.958802 0.226603 108.198021 0.402075 -0.141936 0.904538 127.452438 0.000000 0.000000 0.000000 1.000000
0.875456 0.257820 -0.408786 12.599780 -0.151295 0.949512 0.274841 106.642952 0.459006 -0.178764 0.870262 131.451385 0.000000 0.000000 0.000000 1.000000
0.850438 0.276007 -0.447856 10.885328 -0.139994 0.939354 0.313075 102.853371 0.507106 -0.203554 0.837502 135.383774 0.000000 0.000000 0.000000 1.000000
0.826088 0.304744 -0.474036 9.085587 -0.137478 0.924738 0.354908 97.933792 0.546515 -0.228016 0.805810 138.859741 0.000000 0.000000 0.000000 1.000000
0.803908 0.339650 -0.488232 7.315509 -0.139675 0.905755 0.400124 92.572533 0.578121 -0.253469 0.775584 141.843384 0.000000 0.000000 0.000000 1.000000
0.801891 0.358804 -0.477734 5.947955 -0.134679 0.887569 0.440549 87.859825 0.582093 -0.288932 0.760057 143.865067 0.000000 0.000000 0.000000 1.000000
0.793226 0.371110 -0.482773 4.950708 -0.136235 0.880886 0.453299 85.114830 0.593492 -0.293798 0.749299 144.923050 0.000000 0.000000 0.000000 1.000000
0.783972 0.400070 -0.474691 5.507492 -0.163519 0.870724 0.463790 85.456665 0.598873 -0.285978 0.748042 144.455750 0.000000 0.000000 0.000000 1.000000</float_array>
        <technique_common>
          <accessor source="#mixamorig_Hips-Matrix-animation-output-transform-array" count="147" stride="16">
            <param type="float4x4"/>
          </accessor>
        </technique_common>
      </source>
      <source id="mixamorig_Hips-Interpolations">
        <Name_array id="mixamorig_Hips-Interpolations-array" count="147">
 LINEAR LINEAR LINEAR LINEAR LINEAR LINEAR LINEAR LINEAR LINEAR LINEAR LINEAR
LINEAR LINEAR LINEAR LINEAR LINEAR LINEAR LINEAR LINEAR LINEAR LINEAR LINEAR LINEAR
LINEAR LINEAR LINEAR LINEAR LINEAR LINEAR LINEAR LINEAR LINEAR LINEAR LINEAR LINEAR
LINEAR LINEAR LINEAR LINEAR LINEAR LINEAR LINEAR LINEAR LINEAR LINEAR LINEAR LINEAR
LINEAR LINEAR LINEAR LINEAR LINEAR LINEAR LINEAR LINEAR LINEAR LINEAR LINEAR LINEAR
LINEAR LINEAR LINEAR LINEAR LINEAR LINEAR LINEAR LINEAR LINEAR LINEAR LINEAR LINEAR
LINEAR LINEAR LINEAR LINEAR LINEAR LINEAR LINEAR LINEAR LINEAR LINEAR LINEAR LINEAR
LINEAR LINEAR LINEAR LINEAR LINEAR LINEAR LINEAR LINEAR LINEAR LINEAR LINEAR LINEAR
LINEAR LINEAR LINEAR LINEAR LINEAR LINEAR LINEAR LINEAR LINEAR LINEAR LINEAR LINEAR
LINEAR LINEAR LINEAR LINEAR LINEAR LINEAR LINEAR LINEAR LINEAR LINEAR LINEAR LINEAR
LINEAR LINEAR LINEAR LINEAR LINEAR LINEAR LINEAR LINEAR LINEAR LINEAR LINEAR LINEAR
LINEAR LINEAR LINEAR LINEAR LINEAR LINEAR LINEAR LINEAR LINEAR LINEAR LINEAR LINEAR
LINEAR LINEAR LINEAR LINEAR</Name_array>
        <technique_common>
          <accessor source="#mixamorig_Hips-Interpolations-array" count="147">
            <param type="name"/>
          </accessor>
        </technique_common>
      </source>
      <sampler id="mixamorig_Hips-Matrix-animation-transform">
        <input semantic="INPUT" source="#mixamorig_Hips-Matrix-animation-input"/>
        <input semantic="OUTPUT" source="#mixamorig_Hips-Matrix-animation-output-transform"/>
        <input semantic="INTERPOLATION" source="#mixamorig_Hips-Interpolations"/>
      </sampler>
      <channel source="#mixamorig_Hips-Matrix-animation-transform" target="mixamorig_Hips/matrix"/>
    </animation>
    <animation id="mixamorig_Spine-anim" name="mixamorig_Spine">
      <source id="mixamorig_Spine-Matrix-animation-input">
        <float_array id="mixamorig_Spine-Matrix-animation-input-array" count="147">

0.000000 0.033333 0.066667 0.100000 0.133333 0.166667 0.200000 0.233333 0.266667 0.300000 0.333333 0.366667 0.400000 0.433333 0.466667 0.500000
0.533333 0.566667 0.600000 0.633333 0.666667 0.700000 0.733333 0.766667 0.800000 0.833333 0.866667 0.900000 0.933333 0.966667 1.000000 1.033333
1.066667 1.100000 1.133333 1.166667 1.200000 1.233333 1.266667 1.300000 1.333333 1.366667 1.400000 1.433333 1.466667 1.500000 1.533333 1.566667
1.600000 1.633333 1.666667 1.700000 1.733333 1.766667 1.800000 1.833333 1.866667 1.900000 1.933333 1.966667 2.000000 2.033333 2.066667 2.100000
2.133333 2.166667 2.200000 2.233333 2.266667 2.300000 2.333333 2.366667 2.400000 2.433333 2.466667 2.500000 2.533333 2.566667 2.600000 2.633333
2.666667 2.700000 2.733333 2.766667 2.800000 2.833333 2.866667 2.900000 2.933333 2.966667 3.000000 3.033333 3.066667 3.100000 3.133333 3.166667
3.200000 3.233333 3.266667 3.300000 3.333333 3.366667 3.400000 3.433333 3.466667 3.500000 3.533333 3.566667 3.600000 3.633333 3.666667 3.700000
3.733333 3.766667 3.800000 3.833333 3.866667 3.900000 3.933333 3.966667 4.000000 4.033333 4.066667 4.100000 4.133333 4.166667 4.200000 4.233333
4.266667 4.300000 4.333333 4.366667 4.400000 4.433333 4.466667 4.500000 4.533333 4.566667 4.600000 4.633333 4.666667 4.700000 4.733333 4.766667
4.800000 4.833333 4.866667</float_array>
        <technique_common>
          <accessor source="#mixamorig_Spine-Matrix-animation-input-array" count="147">
            <param name="TIME" type="float"/>
          </accessor>
        </technique_common>
      </source>
      <source id="mixamorig_Spine-Matrix-animation-output-transform">
        <float_array id="mixamorig_Spine-Matrix-animation-output-transform-array" count="2352">

0.975821 0.075651 0.205062 0.072000 -0.044277 0.987159 -0.153481 7.257300 -0.214040 0.140690 0.966640 -0.789700 0.000000 0.000000 0.000000 1.000000
0.982827 0.061443 0.174002 0.072000 -0.037820 0.989992 -0.135961 7.257300 -0.180614 0.127045 0.975314 -0.789700 0.000000 0.000000 0.000000 1.000000
0.988395 0.048429 0.143979 0.072000 -0.034850 0.994830 -0.095386 7.257300 -0.147854 0.089261 0.984973 -0.789700 0.000000 0.000000 0.000000 1.000000
0.993625 0.030205 0.108611 0.072000 -0.022999 0.997488 -0.066998 7.257300 -0.110362 0.064073 0.991824 -0.789700 0.000000 0.000000 0.000000 1.000000
0.998274 0.031205 0.049743 0.072000 -0.028778 0.998395 -0.048772 7.257300 -0.051186 0.047257 0.997570 -0.789700 0.000000 0.000000 0.000000 1.000000
0.998771 0.046768 0.016411 0.072000 -0.045598 0.996802 -0.065630 7.257300 -0.019428 0.064801 0.997709 -0.789700 0.000000 0.000000 0.000000 1.000000
0.999829 0.018472 0.000241 0.072000 -0.018369 0.995462 -0.093368 7.257300 -0.001965 0.093348 0.995632 -0.789700 0.000000 0.000000 0.000000 1.000000
0.998578 -0.034580 -0.040566 0.072000 0.030152 0.994003 -0.105110 7.257300 0.043958 0.103738 0.993633 -0.789700 0.000000 0.000000 0.000000 1.000000
0.993127 -0.080070 -0.085369 0.072000 0.069705 0.990545 -0.118162 7.257300 0.094023 0.111399 0.989318 -0.789700 0.000000 0.000000 0.000000 1.000000
0.987116 -0.114924 -0.111330 0.072000 0.102455 0.988422 -0.111913 7.257300 0.122902 0.099065 0.987462 -0.789700 0.000000 0.000000 0.000000 1.000000
0.985307 -0.111634 -0.129261 0.072000 0.100706 0.990998 -0.088211 7.257300 0.137945 0.073897 0.987679 -0.789700 0.000000 0.000000 0.000000 1.000000
0.980859 -0.087115 -0.174145 0.072000 0.073733 0.993909 -0.081903 7.257300 0.180220 0.067495 0.981308 -0.789700 0.000000 0.000000 0.000000 1.000000
0.978420 -0.054530 -0.199302 0.072000 0.041661 0.996801 -0.068206 7.257300 0.202383 0.058432 0.977562 -0.789700 0.000000 0.000000 0.000000 1.000000
0.981887 -0.015280 -0.188848 0.072000 0.004261 0.998271 -0.058619 7.257300 0.189418 0.056753 0.980255 -0.789700 0.000000 0.000000 0.000000 1.000000
0.994461 0.012414 -0.104370 0.072000 -0.019183 0.997759 -0.064098 7.257300 0.103341 0.065745 0.992471 -0.789700 0.000000 0.000000 0.000000 1.000000
0.998232 0.058655 -0.009587 0.072000 -0.059209 0.995439 -0.074802 7.257300 0.005156 0.075237 0.997152 -0.789700 0.000000 0.000000 0.000000 1.000000
0.995245 0.091721 -0.032775 0.072000 -0.093535 0.993869 -0.058952 7.257300 0.027166 0.061738 0.997723 -0.789700 0.000000 0.000000 0.000000 1.000000
0.985719 0.116266 -0.121824 0.072000 -0.121606 0.991876 -0.037331 7.257300 0.116494 0.051612 0.991849 -0.789700 0.000000 0.000000 0.000000 1.000000
0.980165 0.137078 -0.143129 0.072000 -0.144731 0.988472 -0.044451 7.257300 0.135385 0.064285 0.988705 -0.789700 0.000000 0.000000 0.000000 1.000000
0.982065 0.161576 -0.097170 0.072000 -0.167900 0.983927 -0.060814 7.257300 0.085782 0.076038 0.993408 -0.789700 0.000000 0.000000 0.000000 1.000000
0.980828 0.193392 -0.023995 0.072000 -0.194451 0.979364 -0.055083 7.257300 0.012847 0.058693 0.998193 -0.789700 0.000000 0.000000 0.000000 1.000000
0.972395 0.214922 0.090868 0.072000 -0.211028 0.976169 -0.050601 7.257300 -0.099578 0.030029 0.994577 -0.789700 0.000000 0.000000 0.000000 1.000000
0.969043 0.207633 0.133580 0.072000 -0.205655 0.978207 -0.028594 7.257300 -0.136606 0.000238 0.990625 -0.789700 0.000000 0.000000 0.000000 1.000000
0.963448 0.239473 0.120087 0.072000 -0.231907 0.969945 -0.073657 7.257300 -0.134117 0.043115 0.990027 -0.789700 0.000000 0.000000 0.000000 1.000000
0.947804 0.296309 0.117762 0.072000 -0.283790 0.952312 -0.112094 7.257300 -0.145361 0.072824 0.986695 -0.789700 0.000000 0.000000 0.000000 1.000000
0.940072 0.314863 0.130869 0.072000 -0.300239 0.946286 -0.119998 7.257300 -0.161622 0.073515 0.984111 -0.789700 0.000000 0.000000 0.000000 1.000000
0.939642 0.320313 0.120301 0.072000 -0.305908 0.943952 -0.123994 7.257300 -0.153276 0.079709 0.984963 -0.789700 0.000000 0.000000 0.000000 1.000000
0.950813 0.298086 0.084259 0.072000 -0.285159 0.948525 -0.137783 7.257300 -0.120993 0.106979 0.986872 -0.789700 0.000000 0.000000 0.000000 1.000000
0.967724 0.248138 0.044022 0.072000 -0.239812 0.960408 -0.141798 7.257300 -0.077464 0.126664 0.988916 -0.789700 0.000000 0.000000 0.000000 1.000000
0.982890 0.182869 0.022049 0.072000 -0.178231 0.974444 -0.136720 7.257300 -0.046488 0.130451 0.990364 -0.789700 0.000000 0.000000 0.000000 1.000000
0.993627 0.112216 0.010606 0.072000 -0.109971 0.985766 -0.127167 7.257300 -0.024726 0.125190 0.991825 -0.789700 0.000000 0.000000 0.000000 1.000000
0.998569 0.053181 -0.005616 0.072000 -0.053460 0.990148 -0.129414 7.257300 -0.001322 0.129529 0.991575 -0.789700 0.000000 0.000000 0.000000 1.000000
0.999102 0.019462 -0.037623 0.072000 -0.024069 0.991718 -0.126156 7.257300 0.034856 0.126949 0.991297 -0.789700 0.000000 0.000000 0.000000 1.000000
0.995466 -0.012247 -0.094324 0.072000 0.000575 0.992432 -0.122792 7.257300 0.095114 0.122181 0.987940 -0.789700 0.000000 0.000000 0.000000 1.000000
0.981935 -0.081885 -0.170585 0.072000 0.052917 0.984379 -0.167920 7.257300 0.181671 0.155860 0.970929 -0.789700 0.000000 0.000000 0.000000 1.000000
0.973074 -0.095641 -0.209713 0.072000 0.057156 0.981554 -0.182439 7.257300 0.223293 0.165541 0.960592 -0.789700 0.000000 0.000000 0.000000 1.000000
0.973434 -0.089408 -0.210792 0.072000 0.049595 0.981087 -0.187105 7.257300 0.223534 0.171680 0.959457 -0.789700 0.000000 0.000000 0.000000 1.000000
0.974891 -0.081458 -0.207250 0.072000 0.041292 0.980679 -0.191214 7.257300 0.218821 0.177855 0.959419 -0.789700 0.000000 0.000000 0.000000 1.000000
0.979291 -0.069406 -0.190187 0.072000 0.031645 0.980330 -0.194811 7.257300 0.199967 0.184758 0.962225 -0.789700 0.000000 0.000000 0.000000 1.000000
0.983638 -0.052055 -0.172473 0.072000 0.016528 0.979384 -0.201332 7.257300 0.179397 0.195188 0.964219 -0.789700 0.000000 0.000000 0.000000 1.000000
0.987270 -0.036120 -0.154898 0.072000 0.001809 0.976360 -0.216144 7.257300 0.159043 0.213113 0.963996 -0.789700 0.000000 0.000000 0.000000 1.000000
0.987440 0.002058 -0.157981 0.072000 -0.042237 0.966962 -0.251398 7.257300 0.152245 0.254913 0.954904 -0.789700 0.000000 0.000000 0.000000 1.000000
0.984753 0.057253 -0.164265 0.072000 -0.105633 0.947063 -0.303171 7.257300 0.138212 0.315900 0.938672 -0.789700 0.000000 0.000000 0.000000 1.000000
0.986987 0.091463 -0.132255 0.072000 -0.130795 0.935077 -0.329428 7.257300 0.093538 0.342440 0.934872 -0.789700 0.000000 0.000000 0.000000 1.000000
0.987537 0.118258 -0.103858 0.072000 -0.147994 0.922286 -0.357051 7.257300 0.053562 0.367972 0.928293 -0.789700 0.000000 0.000000 0.000000 1.000000
0.988730 0.132966 -0.068800 0.072000 -0.149043 0.917585 -0.368544 7.257300 0.014126 0.374644 0.927061 -0.789700 0.000000 0.000000 0.000000 1.000000
0.986883 0.161391 -0.003738 0.072000 -0.151035 0.914882 -0.374406 7.257300 -0.057006 0.370059 0.927257 -0.789700 0.000000 0.000000 0.000000 1.000000
0.981191 0.179113 0.071992 0.072000 -0.147370 0.935902 -0.319953 7.257300 -0.124686 0.303325 0.944694 -0.789700 0.000000 0.000000 0.000000 1.000000
0.971585 0.207768 0.113384 0.072000 -0.168334 0.943302 -0.286084 7.257300 -0.166394 0.258869 0.951472 -0.789700 0.000000 0.000000 0.000000 1.000000
0.965885 0.214180 0.145577 0.072000 -0.174228 0.953327 -0.246599 7.257300 -0.191600 0.212823 0.958121 -0.789700 0.000000 0.000000 0.000000 1.000000
0.962326 0.205771 0.177730 0.072000 -0.165821 0.962178 -0.216140 7.257300 -0.215483 0.178526 0.960050 -0.789700 0.000000 0.000000 0.000000 1.000000
0.957292 0.197167 0.211463 0.072000 -0.154460 0.967040 -0.202425 7.257300 -0.244405 0.161117 0.956194 -0.789700 0.000000 0.000000 0.000000 1.000000
0.954617 0.187881 0.231099 0.072000 -0.143315 0.969960 -0.196565 7.257300 -0.261088 0.154525 0.952867 -0.789700 0.000000 0.000000 0.000000 1.000000
0.954521 0.184245 0.234401 0.072000 -0.139241 0.970676 -0.195961 7.257300 -0.263632 0.154411 0.952185 -0.789700 0.000000 0.000000 0.000000 1.000000
0.958468 0.182962 0.218779 0.072000 -0.140101 0.970219 -0.197602 7.257300 -0.248417 0.158744 0.955557 -0.789700 0.000000 0.000000 0.000000 1.000000
0.960533 0.182988 0.209504 0.072000 -0.141500 0.969861 -0.198363 7.257300 -0.239488 0.160889 0.957476 -0.789700 0.000000 0.000000 0.000000 1.000000
0.965667 0.192682 0.174245 0.072000 -0.157375 0.967539 -0.197742 7.257300 -0.206691 0.163531 0.964643 -0.789700 0.000000 0.000000 0.000000 1.000000
0.969214 0.209252 0.129763 0.072000 -0.184134 0.965865 -0.182207 7.257300 -0.163460 0.152704 0.974660 -0.789700 0.000000 0.000000 0.000000 1.000000
0.968959 0.230737 0.088759 0.072000 -0.214928 0.963640 -0.158756 7.257300 -0.122163 0.134752 0.983320 -0.789700 0.000000 0.000000 0.000000 1.000000
0.965634 0.254594 0.052280 0.072000 -0.246147 0.960401 -0.130542 7.257300 -0.083445 0.113187 0.990063 -0.789700 0.000000 0.000000 0.000000 1.000000
0.961496 0.274695 0.008219 0.072000 -0.272197 0.956021 -0.109238 7.257300 -0.037864 0.102795 0.993982 -0.789700 0.000000 0.000000 0.000000 1.000000
0.956321 0.286623 -0.057424 0.072000 -0.290662 0.953259 -0.082535 7.257300 0.031084 0.095621 0.994932 -0.789700 0.000000 0.000000 0.000000 1.000000
0.943890 0.306880 -0.122052 0.072000 -0.315034 0.947551 -0.053856 7.257300 0.099123 0.089285 0.991062 -0.789700 0.000000 0.000000 0.000000 1.000000
0.924302 0.341108 -0.171203 0.072000 -0.351917 0.935323 -0.036396 7.257300 0.147716 0.093890 0.984563 -0.789700 0.000000 0.000000 0.000000 1.000000
0.908223 0.361398 -0.211004 0.072000 -0.376403 0.925815 -0.034454 7.257300 0.182899 0.110715 0.976878 -0.789700 0.000000 0.000000 0.000000 1.000000
0.896511 0.358953 -0.259656 0.072000 -0.379161 0.924823 -0.030634 7.257300 0.229140 0.125915 0.965215 -0.789700 0.000000 0.000000 0.000000 1.000000
0.889465 0.350588 -0.293155 0.072000 -0.375312 0.926385 -0.030862 7.257300 0.260755 0.137476 0.955567 -0.789700 0.000000 0.000000 0.000000 1.000000
0.882740 0.349127 -0.314452 0.072000 -0.376478 0.925979 -0.028772 7.257300 0.281130 0.143782 0.948837 -0.789700 0.000000 0.000000 0.000000 1.000000
0.877466 0.355262 -0.322246 0.072000 -0.383090 0.923368 -0.025171 7.257300 0.288609 0.145535 0.946321 -0.789700 0.000000 0.000000 0.000000 1.000000
0.875578 0.359765 -0.322385 0.072000 -0.388062 0.921270 -0.025865 7.257300 0.287698 0.147753 0.946255 -0.789700 0.000000 0.000000 0.000000 1.000000
0.873825 0.364431 -0.321901 0.072000 -0.393200 0.919060 -0.026882 7.257300 0.286050 0.150062 0.946392 -0.789700 0.000000 0.000000 0.000000 1.000000
0.872235 0.369137 -0.320850 0.072000 -0.398359 0.916797 -0.028173 7.257300 0.283754 0.152387 0.946711 -0.789700 0.000000 0.000000 0.000000 1.000000
0.870840 0.373758 -0.319284 0.072000 -0.403399 0.914542 -0.029688 7.257300 0.280902 0.154652 0.947194 -0.789700 0.000000 0.000000 0.000000 1.000000
0.869677 0.378170 -0.317254 0.072000 -0.408177 0.912363 -0.031375 7.257300 0.277586 0.156782 0.947822 -0.789700 0.000000 0.000000 0.000000 1.000000
