<?xml version="1.0" encoding="utf-8"?>
<COLLADA xmlns="http://www.collada.org/2005/11/COLLADASchema" version="1.4.1">
  <asset>
    <contributor>
      <author>Mixamo</author>
      <authoring_tool>COLLADA Mixamo exporter</authoring_tool>
      <comments/>
    </contributor>
    <created>2024-02-12T07:26:24Z</created>
    <modified>2024-02-12T07:26:24Z</modified>
    <revision/>
    <title/>
    <unit meter="0.010000"/>
    <up_axis>Y_UP</up_axis>
  </asset>
  <library_animations>
    <animation id="mixamorig_Hips-anim" name="mixamorig_Hips">
      <source id="mixamorig_Hips-Matrix-animation-input">
        <float_array id="mixamorig_Hips-Matrix-animation-input-array" count="146">

0.000000 0.033333 0.066667 0.100000 0.133333 0.166667 0.200000 0.233333 0.266667 0.300000 0.333333 0.366667 0.400000 0.433333 0.466667 0.500000
0.533333 0.566667 0.600000 0.633333 0.666667 0.700000 0.733333 0.766667 0.800000 0.833333 0.866667 0.900000 0.933333 0.966667 1.000000 1.033333
1.066667 1.100000 1.133333 1.166667 1.200000 1.233333 1.266667 1.300000 1.333333 1.366667 1.400000 1.433333 1.466667 1.500000 1.533333 1.566667
1.600000 1.633333 1.666667 1.700000 1.733333 1.766667 1.800000 1.833333 1.866667 1.900000 1.933333 1.966667 2.000000 2.033333 2.066667 2.100000
2.133333 2.166667 2.200000 2.233333 2.266667 2.300000 2.333333 2.366667 2.400000 2.433333 2.466667 2.500000 2.533333 2.566667 2.600000 2.633333
2.666667 2.700000 2.733333 2.766667 2.800000 2.833333 2.866667 2.900000 2.933333 2.966667 3.000000 3.033333 3.066667 3.100000 3.133333 3.166667
3.200000 3.233333 3.266667 3.300000 3.333333 3.366667 3.400000 3.433333 3.466667 3.500000 3.533333 3.566667 3.600000 3.633333 3.666667 3.700000
3.733333 3.766667 3.800000 3.833333 3.866667 3.900000 3.933333 3.966667 4.000000 4.033333 4.066667 4.100000 4.133333 4.166667 4.200000 4.233333
4.266667 4.300000 4.333333 4.366667 4.400000 4.433333 4.466667 4.500000 4.533333 4.566667 4.600000 4.633333 4.666667 4.700000 4.733333 4.766667
4.800000 4.833333</float_array>
        <technique_common>
          <accessor source="#mixamorig_Hips-Matrix-animation-input-array" count="146">
            <param name="TIME" type="float"/>
          </accessor>
        </technique_common>
      </source>
      <source id="mixamorig_Hips-Matrix-animation-output-transform">
        <float_array id="mixamorig_Hips-Matrix-animation-output-transform-array" count="2336">

0.955112 -0.257433 0.146594 2.367859 0.163504 0.870726 0.463792 85.434677 -0.247038 -0.419004 0.873732 -0.810990 0.000000 0.000000 0.000000 1.000000
0.967966 -0.217079 0.126165 1.131004 0.140707 0.885169 0.443482 86.536819 -0.207949 -0.411524 0.887359 -3.993788 0.000000 0.000000 0.000000 1.000000
0.977600 -0.187043 0.096500 0.289465 0.128703 0.894052 0.429077 88.068169 -0.166532 -0.407046 0.898098 -6.693938 0.000000 0.000000 0.000000 1.000000
0.983506 -0.170505 0.060370 -0.520024 0.130164 0.898923 0.418324 89.493881 -0.125594 -0.403567 0.906289 -9.375376 0.000000 0.000000 0.000000 1.000000
0.987381 -0.156720 0.022736 -1.597217 0.133929 0.903010 0.408211 90.312996 -0.084506 -0.400015 0.912604 -12.665058 0.000000 0.000000 0.000000 1.000000
0.989126 -0.146313 -0.014924 -3.196101 0.140242 0.907757 0.395359 90.764717 -0.044299 -0.393153 0.918405 -16.624022 0.000000 0.000000 0.000000 1.000000
0.990424 -0.130240 -0.045806 -5.894951 0.137875 0.915880 0.377032 91.381943 -0.007151 -0.379738 0.925067 -21.216715 0.000000 0.000000 0.000000 1.000000
0.991918 -0.108533 -0.065727 -10.011065 0.124773 0.928437 0.349910 93.050148 0.023047 -0.355283 0.934475 -26.289846 0.000000 0.000000 0.000000 1.000000
0.994568 -0.091537 -0.049546 -15.943024 0.101932 0.952897 0.285651 97.261940 0.021064 -0.289149 0.957052 -31.363756 0.000000 0.000000 0.000000 1.000000
0.997140 -0.073650 -0.016975 -22.049860 0.075564 0.976084 0.203841 102.576126 0.001556 -0.204540 0.978857 -36.038239 0.000000 0.000000 0.000000 1.000000
0.997943 -0.056240 0.030781 -27.580666 0.051974 0.990768 0.125208 107.774269 -0.037538 -0.123350 0.991653 -39.963043 0.000000 0.000000 0.000000 1.000000
0.995203 -0.030708 0.092886 -32.801807 0.024743 0.997598 0.064702 111.819069 -0.094650 -0.062093 0.993572 -43.468376 0.000000 0.000000 0.000000 1.000000
0.990542 -0.021845 0.135457 -37.306885 0.018628 0.999515 0.024967 114.158257 -0.135937 -0.022207 0.990469 -46.354393 0.000000 0.000000 0.000000 1.000000
0.989879 0.000180 0.141917 -41.652676 0.002674 0.999798 -0.019921 115.864685 -0.141892 0.020099 0.989678 -48.855690 0.000000 0.000000 0.000000 1.000000
0.991473 0.047422 0.121376 -46.201252 -0.040747 0.997548 -0.056895 115.840439 -0.123777 0.051464 0.990975 -51.464077 0.000000 0.000000 0.000000 1.000000
0.988932 0.072975 0.129185 -50.855808 -0.061236 0.993817 -0.092618 114.593185 -0.135145 0.083682 0.987286 -54.267220 0.000000 0.000000 0.000000 1.000000
0.985681 0.099743 0.135960 -55.575600 -0.082547 0.988496 -0.126732 112.259338 -0.147036 0.113695 0.982575 -57.337662 0.000000 0.000000 0.000000 1.000000
0.987621 0.095477 0.124455 -59.759960 -0.080225 0.989247 -0.122284 109.262016 -0.134792 0.110786 0.984661 -60.386024 0.000000 0.000000 0.000000 1.000000
0.992939 0.060342 0.102129 -64.554108 -0.051159 0.994604 -0.090257 107.219345 -0.107024 0.084395 0.990668 -62.704098 0.000000 0.000000 0.000000 1.000000
0.994893 0.046181 0.089754 -70.515343 -0.040235 0.996944 -0.066968 106.880188 -0.092572 0.063015 0.993710 -64.353966 0.000000 0.000000 0.000000 1.000000
0.994755 0.058204 0.084111 -75.920380 -0.052969 0.996595 -0.063194 109.980003 -0.087502 0.058408 0.994451 -64.948792 0.000000 0.000000 0.000000 1.000000
0.994163 0.103056 0.031942 -80.187859 -0.101215 0.993359 -0.054704 113.080338 -0.037367 0.051152 0.997992 -64.466545 0.000000 0.000000 0.000000 1.000000
0.987466 0.157644 -0.007695 -84.738228 -0.157821 0.986792 -0.036513 115.223549 0.001837 0.037270 0.999304 -63.462383 0.000000 0.000000 0.000000 1.000000
0.987940 0.153143 0.022849 -90.497162 -0.152180 0.987575 -0.039199 117.716087 -0.028568 0.035249 0.998970 -61.553864 0.000000 0.000000 0.000000 1.000000
0.982934 0.137426 0.122293 -95.351723 -0.132470 0.990033 -0.047809 119.282990 -0.127645 0.030792 0.991342 -59.672668 0.000000 0.000000 0.000000 1.000000
0.967605 0.140026 0.210079 -99.404243 -0.126591 0.989027 -0.076159 119.807297 -0.218438 0.047098 0.974714 -57.381058 0.000000 0.000000 0.000000 1.000000
0.953508 0.164551 0.252480 -103.305489 -0.136893 0.982848 -0.123576 119.141083 -0.268484 0.083268 0.959678 -55.053791 0.000000 0.000000 0.000000 1.000000
0.936165 0.210409 0.281642 -107.490074 -0.175746 0.973930 -0.143434 117.166115 -0.304479 0.084780 0.948738 -53.351124 0.000000 0.000000 0.000000 1.000000
0.927730 0.231650 0.292671 -112.750252 -0.206243 0.971681 -0.115323 113.021004 -0.311097 0.046628 0.949233 -52.321117 0.000000 0.000000 0.000000 1.000000
0.931624 0.218229 0.290607 -118.116531 -0.207181 0.975890 -0.068659 107.359383 -0.298584 0.003756 0.954376 -52.126003 0.000000 0.000000 0.000000 1.000000
0.933146 0.208627 0.292768 -122.523193 -0.207885 0.977562 -0.034016 102.527573 -0.293296 -0.029120 0.955578 -52.806168 0.000000 0.000000 0.000000 1.000000
0.937232 0.207564 0.280203 -126.077049 -0.215409 0.976520 -0.002862 99.686790 -0.274217 -0.057676 0.959937 -53.888168 0.000000 0.000000 0.000000 1.000000
0.949190 0.194320 0.247544 -128.476944 -0.207407 0.977863 0.027673 99.286636 -0.236687 -0.077610 0.968481 -55.203854 0.000000 0.000000 0.000000 1.000000
0.965954 0.165349 0.198979 -129.636353 -0.177485 0.983110 0.044658 100.332428 -0.188234 -0.078454 0.978986 -57.569614 0.000000 0.000000 0.000000 1.000000
0.976133 0.140797 0.165349 -130.099762 -0.151219 0.987122 0.052172 102.380836 -0.155874 -0.075931 0.984854 -61.207600 0.000000 0.000000 0.000000 1.000000
0.981490 0.123001 0.146789 -130.586792 -0.130865 0.990372 0.045137 104.862572 -0.139824 -0.063511 0.988137 -65.839554 0.000000 0.000000 0.000000 1.000000
0.984109 0.116210 0.134256 -131.311996 -0.120212 0.992503 0.022076 107.283257 -0.130684 -0.037864 0.990701 -70.650467 0.000000 0.000000 0.000000 1.000000
0.985556 0.123921 0.115422 -132.264603 -0.120758 0.992098 -0.034037 109.386436 -0.118728 0.019607 0.992733 -74.918159 0.000000 0.000000 0.000000 1.000000
0.984596 0.141894 0.102165 -133.420807 -0.130460 0.985215 -0.111050 110.185242 -0.116412 0.096011 0.988550 -78.298119 0.000000 0.000000 0.000000 1.000000
0.981460 0.161174 0.103724 -134.175858 -0.142251 0.975232 -0.169375 110.042526 -0.128454 0.151480 0.980078 -80.929482 0.000000 0.000000 0.000000 1.000000
0.983362 0.161581 0.083016 -134.439362 -0.142261 0.969162 -0.201211 108.550819 -0.112968 0.186053 0.976024 -82.901001 0.000000 0.000000 0.000000 1.000000
0.986165 0.160059 0.043133 -134.448425 -0.149238 0.970510 -0.189313 106.494499 -0.072162 0.180256 0.980969 -83.594444 0.000000 0.000000 0.000000 1.000000
0.990341 0.132124 0.042058 -134.189514 -0.124522 0.980909 -0.149373 104.643471 -0.060991 0.142693 0.987886 -83.050247 0.000000 0.000000 0.000000 1.000000
0.994898 0.088983 0.047547 -133.685760 -0.084405 0.992277 -0.090901 103.564476 -0.055268 0.086424 0.994724 -81.110687 0.000000 0.000000 0.000000 1.000000
0.998221 0.055200 0.022516 -132.928925 -0.054390 0.997902 -0.035130 102.553391 -0.024408 0.033843 0.999129 -77.935753 0.000000 0.000000 0.000000 1.000000
0.999170 0.038204 -0.014137 -131.963806 -0.038286 0.999251 -0.005589 101.411903 0.013913 0.006126 0.999884 -74.552452 0.000000 0.000000 0.000000 1.000000
0.997724 0.036771 -0.056525 -131.037781 -0.035528 0.999108 0.022840 100.269814 0.057314 -0.020780 0.998140 -72.687622 0.000000 0.000000 0.000000 1.000000
0.994472 0.027162 -0.101430 -130.006561 -0.018163 0.995901 0.088607 97.265091 0.103421 -0.086275 0.990889 -72.785210 0.000000 0.000000 0.000000 1.000000
0.990592 0.023324 -0.134850 -128.886139 -0.001842 0.987552 0.157280 92.413307 0.136840 -0.155552 0.978304 -73.005455 0.000000 0.000000 0.000000 1.000000
0.984888 0.028630 -0.170809 -127.599007 0.009488 0.975842 0.218269 86.483604 0.172932 -0.216591 0.960824 -72.909828 0.000000 0.000000 0.000000 1.000000
0.978797 0.036920 -0.201479 -126.270798 0.022028 0.958945 0.282735 79.277168 0.203646 -0.281179 0.937799 -72.285606 0.000000 0.000000 0.000000 1.000000
0.976668 0.038183 -0.211331 -125.016495 0.040757 0.933225 0.356974 70.809158 0.210850 -0.357258 0.909895 -71.389000 0.000000 0.000000 0.000000 1.000000
0.974708 0.034458 -0.220808 -123.688385 0.063984 0.903653 0.423459 61.524483 0.214126 -0.426877 0.878593 -70.630203 0.000000 0.000000 0.000000 1.000000
0.975089 0.023939 -0.220518 -122.813774 0.087261 0.872598 0.480581 51.789238 0.203928 -0.487852 0.848772 -70.159874 0.000000 0.000000 0.000000 1.000000
0.974083 0.020909 -0.225222 -122.471870 0.100827 0.851181 0.515097 42.382057 0.202475 -0.524456 0.827013 -70.416306 0.000000 0.000000 0.000000 1.000000
0.972925 0.031494 -0.228964 -122.343048 0.095754 0.846721 0.523350 38.461922 0.210352 -0.531104 0.820780 -70.574791 0.000000 0.000000 0.000000 1.000000
0.972096 0.046614 -0.229906 -122.122002 0.083948 0.846029 0.526485 36.518566 0.219049 -0.531094 0.818509 -70.497780 0.000000 0.000000 0.000000 1.000000
0.970551 0.062896 -0.232540 -121.718521 0.070016 0.849990 0.522126 35.950684 0.230496 -0.523031 0.820555 -70.613503 0.000000 0.000000 0.000000 1.000000
0.967421 0.079235 -0.240453 -121.047585 0.055897 0.859476 0.508111 36.650093 0.246923 -0.504998 0.827047 -70.660202 0.000000 0.000000 0.000000 1.000000
0.962086 0.093840 -0.256094 -120.079071 0.042611 0.875706 0.480961 38.925056 0.269397 -0.473639 0.838506 -70.751831 0.000000 0.000000 0.000000 1.000000
0.954134 0.099862 -0.282235 -118.303833 0.026816 0.910432 0.412789 46.696228 0.298178 -0.401424 0.865996 -71.399940 0.000000 0.000000 0.000000 1.000000
0.944954 0.097582 -0.312312 -116.440643 0.014932 0.940638 0.339083 55.436119 0.326861 -0.325081 0.887403 -71.847061 0.000000 0.000000 0.000000 1.000000
0.932543 0.091585 -0.349250 -114.183670 0.011280 0.959432 0.281714 64.104317 0.360882 -0.266650 0.893679 -71.516357 0.000000 0.000000 0.000000 1.000000
0.911059 0.085552 -0.403303 -111.973007 0.004368 0.976175 0.216942 71.815514 0.412254 -0.199408 0.888979 -70.661537 0.000000 0.000000 0.000000 1.000000
0.896139 0.084308 -0.435691 -110.191795 -0.008582 0.984897 0.172929 78.176369 0.443690 -0.151229 0.883328 -69.046509 0.000000 0.000000 0.000000 1.000000
0.878294 0.070122 -0.472950 -108.605461 -0.008449 0.991309 0.131285 82.891922 0.478046 -0.111311 0.871253 -67.374939 0.000000 0.000000 0.000000 1.000000
0.865046 0.063927 -0.497604 -107.089043 -0.014217 0.994574 0.103057 86.528938 0.501492 -0.082074 0.861261 -65.525742 0.000000 0.000000 0.000000 1.000000
0.849881 0.066902 -0.522711 -105.512169 -0.026594 0.996090 0.084250 88.828140 0.526304 -0.057702 0.848336 -63.607979 0.000000 0.000000 0.000000 1.000000
0.828888 0.081504 -0.553445 -103.871506 -0.054649 0.996395 0.064889 89.168442 0.556738 -0.023541 0.830354 -61.733551 0.000000 0.000000 0.000000 1.000000
0.806450 0.091485 -0.584183 -101.978889 -0.068820 0.995766 0.060935 87.920013 0.587284 -0.008937 0.809331 -60.271530 0.000000 0.000000 0.000000 1.000000
0.817996 0.108682 -0.564863 -100.456039 -0.083009 0.994013 0.071044 85.650421 0.569203 -0.011225 0.822121 -58.971130 0.000000 0.000000 0.000000 1.000000
0.838515 0.147082 -0.524652 -98.368225 -0.114986 0.988960 0.093473 84.070351 0.532608 -0.018052 0.846170 -57.276196 0.000000 0.000000 0.000000 1.000000
0.860668 0.138462 -0.489978 -95.649216 -0.107686 0.990046 0.090620 83.835648 0.497648 -0.025230 0.867012 -54.720760 0.000000 0.000000 0.000000 1.000000
0.876935 0.121582 -0.464977 -91.473587 -0.090462 0.991937 0.088761 86.293564 0.472019 -0.035775 0.880862 -51.195560 0.000000 0.000000 0.000000 1.000000
0.884205 0.112829 -0.453267 -86.629929 -0.097164 0.993589 0.057786 91.116066 0.456881 -0.007053 0.889500 -46.564854 0.000000 0.000000 0.000000 1.000000
0.876765 0.079189 -0.474354 -82.094025 -0.083566 0.996431 0.011887 97.199814 0.473603 0.029218 0.880254 -42.167076 0.000000 0.000000 0.000000 1.000000
0.854937 0.042919 -0.516953 -78.107269 -0.042020 0.999026 0.013450 103.186729 0.517027 0.010224 0.855908 -38.848942 0.000000 0.000000 0.000000 1.000000
0.822382 0.011800 -0.568814 -73.235443 0.010859 0.999277 0.036429 108.325989 0.568833 -0.036136 0.821659 -35.101719 0.000000 0.000000 0.000000 1.000000
0.791277 -0.008123 -0.611403 -67.581291 0.047157 0.997744 0.047775 112.356400 0.609636 -0.066636 0.789876 -31.090565 0.000000 0.000000 0.000000 1.000000
0.742154 -0.015848 -0.670042 -61.849899 0.071827 0.995844 0.056002 114.551994 0.666369 -0.089689 0.740208 -26.752054 0.000000 0.000000 0.000000 1.000000
0.679818 -0.030461 -0.732748 -56.817314 0.094405 0.994459 0.046245 116.004784 0.727279 -0.100613 0.678927 -22.362028 0.000000 0.000000 0.000000 1.000000
0.622863 -0.070194 -0.779176 -52.924137 0.124598 0.992155 0.010220 116.983177 0.772345 -0.103449 0.626722 -17.987190 0.000000 0.000000 0.000000 1.000000
0.591258 -0.127035 -0.796414 -49.417637 0.159669 0.986408 -0.038802 117.239929 0.790518 -0.104220 0.603505 -13.703650 0.000000 0.000000 0.000000 1.000000
0.571604 -0.182847 -0.799897 -45.982399 0.214893 0.974188 -0.069126 115.679459 0.791890 -0.132380 0.596142 -9.182954 0.000000 0.000000 0.000000 1.000000
0.539898 -0.217743 -0.813079 -42.437107 0.271187 0.959452 -0.076869 112.377289 0.796849 -0.178996 0.577055 -4.379916 0.000000 0.000000 0.000000 1.000000
0.478999 -0.193382 -0.856250 -36.963543 0.278524 0.958511 -0.060667 107.099304 0.832457 -0.209427 0.512987 0.655706 0.000000 0.000000 0.000000 1.000000
0.429046 -0.146983 -0.891244 -31.966030 0.258702 0.965335 -0.034662 103.098213 0.865444 -0.215695 0.452198 5.328755 0.000000 0.000000 0.000000 1.000000
0.376347 -0.139743 -0.915879 -28.466349 0.255670 0.965838 -0.042307 100.391525 0.890503 -0.218241 0.399218 8.974439 0.000000 0.000000 0.000000 1.000000
0.334626 -0.134640 -0.932683 -26.349737 0.226897 0.972134 -0.058929 100.669724 0.914627 -0.191904 0.355851 11.537086 0.000000 0.000000 0.000000 1.000000
0.349836 -0.106224 -0.930769 -25.223806 0.183624 0.982053 -0.043061 104.469078 0.918639 -0.155847 0.363063 12.982938 0.000000 0.000000 0.000000 1.000000
0.387724 -0.052927 -0.920255 -25.434900 0.142443 0.989798 0.003088 108.565186 0.910703 -0.132281 0.391308 14.117846 0.000000 0.000000 0.000000 1.000000
0.413962 0.024013 -0.909977 -26.610096 0.067937 0.996049 0.057190 111.159264 0.907756 -0.085495 0.410695 15.766151 0.000000 0.000000 0.000000 1.000000
0.398432 0.088956 -0.912874 -28.541269 0.012363 0.994674 0.102323 111.870262 0.917115 -0.052055 0.395210 18.079643 0.000000 0.000000 0.000000 1.000000
0.329233 0.124923 -0.935949 -31.723207 -0.014885 0.991773 0.127138 112.750687 0.944131 -0.027926 0.328384 20.303661 0.000000 0.000000 0.000000 1.000000
0.225261 0.145865 -0.963318 -35.317051 -0.044332 0.989240 0.139423 113.451996 0.973289 0.011299 0.229303 22.059652 0.000000 0.000000 0.000000 1.000000
0.130857 0.163269 -0.977865 -38.612938 -0.066335 0.985578 0.155680 112.872551 0.989180 0.044495 0.139800 23.565643 0.000000 0.000000 0.000000 1.000000
0.068740 0.186378 -0.980070 -40.399570 -0.049674 0.981815 0.183226 110.512657 0.996397 0.036089 0.076748 25.276674 0.000000 0.000000 0.000000 1.000000
0.055898 0.218388 -0.974260 -40.075951 -0.034762 0.975620 0.216698 107.462921 0.997831 0.021754 0.062127 26.727715 0.000000 0.000000 0.000000 1.000000
0.056576 0.207941 -0.976504 -37.897694 -0.026587 0.978037 0.206727 105.260490 0.998044 0.014267 0.060862 28.023958 0.000000 0.000000 0.000000 1.000000
0.037209 0.154563 -0.987282 -34.308327 -0.022072 0.987852 0.153821 105.360741 0.999064 0.016068 0.040169 29.395893 0.000000 0.000000 0.000000 1.000000
0.019658 0.078573 -0.996714 -29.338831 -0.006294 0.996897 0.078464 107.153625 0.999787 0.004731 0.020091 30.733650 0.000000 0.000000 0.000000 1.000000
0.017509 -0.012714 -0.999766 -23.384666 0.010760 0.999864 -0.012527 109.635010 0.999789 -0.010538 0.017643 32.068058 0.000000 0.000000 0.000000 1.000000
0.017495 -0.097511 -0.995081 -17.710384 0.023144 0.995006 -0.097097 112.033524 0.999579 -0.021331 0.019665 33.327068 0.000000 0.000000 0.000000 1.000000
0.017163 -0.161679 -0.986694 -12.935212 0.025082 0.986599 -0.161227 111.439735 0.999538 -0.021981 0.020988 34.139942 0.000000 0.000000 0.000000 1.000000
0.018533 -0.204821 -0.978624 -9.033775 0.038574 0.978210 -0.204004 110.142113 0.999084 -0.033969 0.026030 34.998009 0.000000 0.000000 0.000000 1.000000
-0.006060 -0.197874 -0.980209 -5.184990 0.039813 0.979402 -0.197957 108.361343 0.999189 -0.040224 0.001942 35.968739 0.000000 0.000000 0.000000 1.000000
-0.033280 -0.135228 -0.990255 -1.844217 0.024628 0.990392 -0.136075 107.273338 0.999143 -0.028916 -0.029630 36.703747 0.000000 0.000000 0.000000 1.000000
-0.042543 -0.069595 -0.996668 1.305681 -0.004725 0.997574 -0.069457 106.094048 0.999083 0.001754 -0.042768 37.371777 0.000000 0.000000 0.000000 1.000000
-0.032384 -0.015163 -0.999360 3.070159 -0.016073 0.999764 -0.014648 103.222610 0.999346 0.015588 -0.032620 37.699001 0.000000 0.000000 0.000000 1.000000
-0.008408 0.055210 -0.998439 3.911574 -0.006251 0.998452 0.055263 97.391846 0.999945 0.006706 -0.008050 37.848373 0.000000 0.000000 0.000000 1.000000
0.022651 0.139805 -0.989920 4.143388 0.021154 0.989885 0.140284 88.912079 0.999520 -0.024118 0.019464 38.019798 0.000000 0.000000 0.000000 1.000000
0.024457 0.196845 -0.980129 4.079587 0.026992 0.979935 0.197480 79.889664 0.999336 -0.031286 0.018653 38.416569 0.000000 0.000000 0.000000 1.000000
0.007443 0.265537 -0.964072 3.740611 0.038414 0.963311 0.265624 70.329262 0.999234 -0.039011 -0.003031 39.309467 0.000000 0.000000 0.000000 1.000000
-0.017290 0.330660 -0.943592 3.244795 0.044675 0.943046 0.329650 60.593689 0.998852 -0.036455 -0.031077 40.528824 0.000000 0.000000 0.000000 1.000000
-0.039445 0.391283 -0.919425 3.536505 0.045639 0.919886 0.389521 51.120384 0.998179 -0.026597 -0.054142 41.655163 0.000000 0.000000 0.000000 1.000000
-0.048946 0.471817 -0.880337 3.316564 0.031363 0.881685 0.470795 42.410969 0.998309 -0.004567 -0.057952 42.435810 0.000000 0.000000 0.000000 1.000000
-0.033621 0.553195 -0.832373 3.092551 0.029914 0.833027 0.552422 36.946903 0.998987 -0.006327 -0.044555 42.591869 0.000000 0.000000 0.000000 1.000000
-0.013799 0.598983 -0.800643 3.185232 0.028374 0.800631 0.598486 34.170513 0.999502 -0.014459 -0.028044 42.423897 0.000000 0.000000 0.000000 1.000000
-0.000296 0.595011 -0.803718 3.583871 0.034463 0.803247 0.594649 33.998566 0.999406 -0.027522 -0.020743 41.946995 0.000000 0.000000 0.000000 1.000000
0.013545 0.576223 -0.817180 4.276948 0.041335 0.816234 0.576241 35.171894 0.999054 -0.041583 -0.012762 41.303795 0.000000 0.000000 0.000000 1.000000
0.036465 0.530355 -0.846991 6.193247 0.049494 0.845556 0.531588 40.582039 0.998109 -0.061306 0.004583 40.104378 0.000000 0.000000 0.000000 1.000000
0.067098 0.469008 -0.880641 8.089345 0.055928 0.879475 0.472648 48.006836 0.996178 -0.080966 0.032781 38.420879 0.000000 0.000000 0.000000 1.000000
0.091378 0.394563 -0.914314 9.427456 0.046029 0.915500 0.399675 56.009438 0.994752 -0.078606 0.065495 36.752941 0.000000 0.000000 0.000000 1.000000
0.113478 0.335581 -0.935151 10.737377 0.037234 0.939134 0.341529 64.524544 0.992843 -0.073575 0.094076 34.677280 0.000000 0.000000 0.000000 1.000000
0.132110 0.280386 -0.950753 12.483831 0.021941 0.958098 0.285601 73.009628 0.990992 -0.058591 0.120423 32.232098 0.000000 0.000000 0.000000 1.000000
0.150017 0.231657 -0.961161 14.039558 -0.000972 0.972196 0.234165 80.225784 0.988683 -0.034194 0.146072 29.828125 0.000000 0.000000 0.000000 1.000000
0.165287 0.197269 -0.966315 14.889840 -0.019106 0.980248 0.196845 85.982193 0.986060 -0.014073 0.165792 27.820272 0.000000 0.000000 0.000000 1.000000
0.174061 0.171198 -0.969739 15.639556 -0.031438 0.985236 0.168291 90.689041 0.984233 0.001194 0.176873 26.200382 0.000000 0.000000 0.000000 1.000000
0.171068 0.142377 -0.974918 16.115479 -0.040774 0.989679 0.137378 94.033859 0.984415 0.016251 0.175107 24.638317 0.000000 0.000000 0.000000 1.000000
0.175363 0.125694 -0.976447 16.399118 -0.051300 0.991636 0.118436 95.412712 0.983166 0.029323 0.180344 22.985025 0.000000 0.000000 0.000000 1.000000
0.204338 0.114908 -0.972133 16.880993 -0.059251 0.992718 0.104887 95.715836 0.977106 0.036167 0.209658 21.017111 0.000000 0.000000 0.000000 1.000000
0.237911 0.108484 -0.965209 17.656483 -0.073821 0.992888 0.093399 95.315346 0.968477 0.049032 0.244228 19.192680 0.000000 0.000000 0.000000 1.000000
0.256569 0.121444 -0.958866 18.358566 -0.069991 0.991805 0.106887 94.686066 0.963988 0.039688 0.262967 17.746819 0.000000 0.000000 0.000000 1.000000
0.288026 0.143567 -0.946800 18.574118 -0.060890 0.989443 0.131510 94.085258 0.955685 0.019773 0.293727 16.270370 0.000000 0.000000 0.000000 1.000000
0.368285 0.166277 -0.914723 18.272770 -0.030927 0.985523 0.166695 94.829781 0.929199 -0.033101 0.368096 14.737322 0.000000 0.000000 0.000000 1.000000
0.477975 0.186703 -0.858302 16.757584 -0.001722 0.977346 0.211640 97.279160 0.878372 -0.099681 0.467469 12.838495 0.000000 0.000000 0.000000 1.000000
0.598308 0.150232 -0.787056 14.784099 0.039263 0.975589 0.216066 101.419075 0.800303 -0.160176 0.577804 10.951099 0.000000 0.000000 0.000000 1.000000
0.699084 0.067347 -0.711861 12.150332 0.102496 0.975835 0.192977 106.579247 0.707655 -0.207870 0.675288 9.312893 0.000000 0.000000 0.000000 1.000000
0.778345 0.004984 -0.627817 9.675967 0.136850 0.974577 0.177400 109.882133 0.612740 -0.223995 0.757875 8.605564 0.000000 0.000000 0.000000 1.000000
0.862545 -0.027068 -0.505256 7.639427 0.146181 0.969317 0.197623 110.258133 0.484405 -0.244318 0.840036 8.299195 0.000000 0.000000 0.000000 1.000000
0.928042 -0.040531 -0.370263 5.737604 0.135162 0.962949 0.233366 107.306961 0.347086 -0.266619 0.899136 7.184525 0.000000 0.000000 0.000000 1.000000
0.967234 -0.073253 -0.243088 4.109193 0.141567 0.950418 0.276882 101.594810 0.210753 -0.302223 0.929648 5.318880 0.000000 0.000000 0.000000 1.000000
0.982789 -0.142273 -0.117833 2.851602 0.173728 0.928680 0.327676 95.393906 0.062810 -0.342507 0.937413 3.984488 0.000000 0.000000 0.000000 1.000000
0.974840 -0.222789 0.007250 2.198870 0.203127 0.901263 0.382706 89.898674 -0.091797 -0.371605 0.923842 2.846399 0.000000 0.000000 0.000000 1.000000
0.959380 -0.267146 0.090682 2.194168 0.205052 0.881068 0.426232 86.975418 -0.193763 -0.390324 0.900057 1.635203 0.000000 0.000000 0.000000 1.000000
0.955399 -0.264903 0.130532 2.360424 0.180558 0.873744 0.451630 86.033432 -0.233690 -0.407919 0.882605 -0.068412 0.000000 0.000000 0.000000 1.000000</float_array>
        <technique_common>
          <accessor source="#mixamorig_Hips-Matrix-animation-output-transform-array" count="146" stride="16">
            <param type="float4x4"/>
          </accessor>
        </technique_common>
      </source>
      <source id="mixamorig_Hips-Interpolations">
        <Name_array id="mixamorig_Hips-Interpolations-array" count="146">
 LINEAR LINEAR LINEAR LINEAR LINEAR LINEAR LINEAR LINEAR LINEAR LINEAR LINEAR
LINEAR LINEAR LINEAR LINEAR LINEAR LINEAR LINEAR LINEAR LINEAR LINEAR LINEAR LINEAR
LINEAR LINEAR LINEAR LINEAR LINEAR LINEAR LINEAR LINEAR LINEAR LINEAR LINEAR LINEAR
LINEAR LINEAR LINEAR LINEAR LINEAR LINEAR LINEAR LINEAR LINEAR LINEAR LINEAR LINEAR
LINEAR LINEAR LINEAR LINEAR LINEAR LINEAR LINEAR LINEAR LINEAR LINEAR LINEAR LINEAR
LINEAR LINEAR LINEAR LINEAR LINEAR LINEAR LINEAR LINEAR LINEAR LINEAR LINEAR LINEAR
LINEAR LINEAR LINEAR LINEAR LINEAR LINEAR LINEAR LINEAR LINEAR LINEAR LINEAR LINEAR
LINEAR LINEAR LINEAR LINEAR LINEAR LINEAR LINEAR LINEAR LINEAR LINEAR LINEAR LINEAR
LINEAR LINEAR LINEAR LINEAR LINEAR LINEAR LINEAR LINEAR LINEAR LINEAR LINEAR LINEAR
LINEAR LINEAR LINEAR LINEAR LINEAR LINEAR LINEAR LINEAR LINEAR LINEAR LINEAR LINEAR
LINEAR LINEAR LINEAR LINEAR LINEAR LINEAR LINEAR LINEAR LINEAR LINEAR LINEAR LINEAR
LINEAR LINEAR LINEAR LINEAR LINEAR LINEAR LINEAR LINEAR LINEAR LINEAR LINEAR LINEAR
LINEAR LINEAR LINEAR</Name_array>
        <technique_common>
          <accessor source="#mixamorig_Hips-Interpolations-array" count="146">
            <param type="name"/>
          </accessor>
        </technique_common>
      </source>
      <sampler id="mixamorig_Hips-Matrix-animation-transform">
        <input semantic="INPUT" source="#mixamorig_Hips-Matrix-animation-input"/>
        <input semantic="OUTPUT" source="#mixamorig_Hips-Matrix-animation-output-transform"/>
        <input semantic="INTERPOLATION" source="#mixamorig_Hips-Interpolations"/>
      </sampler>
      <channel source="#mixamorig_Hips-Matrix-animation-transform" target="mixamorig_Hips/matrix"/>
    </animation>
    <animation id="mixamorig_Spine-anim" name="mixamorig_Spine">
      <source id="mixamorig_Spine-Matrix-animation-input">
        <float_array id="mixamorig_Spine-Matrix-animation-input-array" count="146">

0.000000 0.033333 0.066667 0.100000 0.133333 0.166667 0.200000 0.233333 0.266667 0.300000 0.333333 0.366667 0.400000 0.433333 0.466667 0.500000
0.533333 0.566667 0.600000 0.633333 0.666667 0.700000 0.733333 0.766667 0.800000 0.833333 0.866667 0.900000 0.933333 0.966667 1.000000 1.033333
1.066667 1.100000 1.133333 1.166667 1.200000 1.233333 1.266667 1.300000 1.333333 1.366667 1.400000 1.433333 1.466667 1.500000 1.533333 1.566667
1.600000 1.633333 1.666667 1.700000 1.733333 1.766667 1.800000 1.833333 1.866667 1.900000 1.933333 1.966667 2.000000 2.033333 2.066667 2.100000
2.133333 2.166667 2.200000 2.233333 2.266667 2.300000 2.333333 2.366667 2.400000 2.433333 2.466667 2.500000 2.533333 2.566667 2.600000 2.633333
2.666667 2.700000 2.733333 2.766667 2.800000 2.833333 2.866667 2.900000 2.933333 2.966667 3.000000 3.033333 3.066667 3.100000 3.133333 3.166667
3.200000 3.233333 3.266667 3.300000 3.333333 3.366667 3.400000 3.433333 3.466667 3.500000 3.533333 3.566667 3.600000 3.633333 3.666667 3.700000
3.733333 3.766667 3.800000 3.833333 3.866667 3.900000 3.933333 3.966667 4.000000 4.033333 4.066667 4.100000 4.133333 4.166667 4.200000 4.233333
4.266667 4.300000 4.333333 4.366667 4.400000 4.433333 4.466667 4.500000 4.533333 4.566667 4.600000 4.633333 4.666667 4.700000 4.733333 4.766667
4.800000 4.833333</float_array>
        <technique_common>
          <accessor source="#mixamorig_Spine-Matrix-animation-input-array" count="146">
            <param name="TIME" type="float"/>
          </accessor>
        </technique_common>
      </source>
      <source id="mixamorig_Spine-Matrix-animation-output-transform">
        <float_array id="mixamorig_Spine-Matrix-animation-output-transform-array" count="2336">

0.975818 -0.096025 -0.196362 0.072000 0.044289 0.966563 -0.252577 7.257300 0.214050 0.237772 0.947442 -0.789700 0.000000 0.000000 0.000000 1.000000
0.979917 -0.092788 -0.176501 0.072000 0.036175 0.953174 -0.300251 7.257300 0.196096 0.287836 0.937388 -0.789700 0.000000 0.000000 0.000000 1.000000
0.984475 -0.077549 -0.157463 0.072000 0.017316 0.935638 -0.352536 7.257300 0.174667 0.344337 0.922455 -0.789700 0.000000 0.000000 0.000000 1.000000
0.988628 -0.048057 -0.142499 0.072000 -0.014142 0.913658 -0.406237 7.257300 0.149718 0.403632 0.902588 -0.789700 0.000000 0.000000 0.000000 1.000000
0.991293 -0.015698 -0.130732 0.072000 -0.046503 0.887144 -0.459144 7.257300 0.123186 0.461226 0.878690 -0.789700 0.000000 0.000000 0.000000 1.000000
0.992446 0.020286 -0.120995 0.072000 -0.079379 0.858154 -0.507218 7.257300 0.093543 0.512991 0.853282 -0.789700 0.000000 0.000000 0.000000 1.000000
0.992522 0.049927 -0.111391 0.072000 -0.103282 0.829869 -0.548316 7.257300 0.065064 0.555720 0.828820 -0.789700 0.000000 0.000000 0.000000 1.000000
0.992211 0.072681 -0.101164 0.072000 -0.118147 0.806448 -0.579381 7.257300 0.039474 0.586821 0.808754 -0.789700 0.000000 0.000000 0.000000 1.000000
0.990445 0.092375 -0.102399 0.072000 -0.134542 0.810279 -0.570392 7.257300 0.030282 0.578719 0.814965 -0.789700 0.000000 0.000000 0.000000 1.000000
0.987914 0.108786 -0.110415 0.072000 -0.151701 0.824829 -0.544651 7.257300 0.031823 0.554819 0.831363 -0.789700 0.000000 0.000000 0.000000 1.000000
0.984499 0.117494 -0.130216 0.072000 -0.168699 0.837449 -0.519827 7.257300 0.047973 0.533737 0.844289 -0.789700 0.000000 0.000000 0.000000 1.000000
0.981168 0.109908 -0.158840 0.072000 -0.176792 0.842257 -0.509262 7.257300 0.077812 0.527753 0.845826 -0.789700 0.000000 0.000000 0.000000 1.000000
0.978017 0.115386 -0.173689 0.072000 -0.189621 0.838653 -0.510593 7.257300 0.086750 0.532304 0.842097 -0.789700 0.000000 0.000000 0.000000 1.000000
0.981218 0.126510 -0.145627 0.072000 -0.183687 0.843323 -0.505041 7.257300 0.058918 0.522304 0.850721 -0.789700 0.000000 0.000000 0.000000 1.000000
0.988708 0.120601 -0.088947 0.072000 -0.149007 0.854211 -0.498117 7.257300 0.015906 0.505746 0.862536 -0.789700 0.000000 0.000000 0.000000 1.000000
0.990642 0.113937 -0.075149 0.072000 -0.136121 0.865139 -0.482706 7.257300 0.010016 0.488418 0.872552 -0.789700 0.000000 0.000000 0.000000 1.000000
0.992335 0.096532 -0.077161 0.072000 -0.121418 0.877862 -0.463267 7.257300 0.023016 0.469084 0.882853 -0.789700 0.000000 0.000000 0.000000 1.000000
0.992413 0.101835 -0.068890 0.072000 -0.122311 0.874707 -0.468964 7.257300 0.012502 0.473832 0.880526 -0.789700 0.000000 0.000000 0.000000 1.000000
0.988999 0.139792 -0.048354 0.072000 -0.145516 0.860789 -0.487717 7.257300 -0.026557 0.489388 0.871662 -0.789700 0.000000 0.000000 0.000000 1.000000
0.986869 0.155747 -0.042796 0.072000 -0.156549 0.857086 -0.490812 7.257300 -0.039763 0.491067 0.870214 -0.789700 0.000000 0.000000 0.000000 1.000000
0.986935 0.157527 -0.033836 0.072000 -0.154373 0.864385 -0.478548 7.257300 -0.046137 0.477519 0.877409 -0.789700 0.000000 0.000000 0.000000 1.000000
0.989825 0.140972 0.019328 0.072000 -0.116472 0.880735 -0.459064 7.257300 -0.081738 0.452142 0.888193 -0.789700 0.000000 0.000000 0.000000 1.000000
0.991270 0.113075 0.067810 0.072000 -0.072889 0.898534 -0.432809 7.257300 -0.109870 0.424088 0.898932 -0.789700 0.000000 0.000000 0.000000 1.000000
0.990526 0.127214 0.051713 0.072000 -0.097113 0.915174 -0.391185 7.257300 -0.097091 0.382457 0.918858 -0.789700 0.000000 0.000000 0.000000 1.000000
0.993666 0.112307 -0.004000 0.072000 -0.106264 0.927435 -0.358570 7.257300 -0.036560 0.356724 0.933494 -0.789700 0.000000 0.000000 0.000000 1.000000
0.994757 0.092764 -0.043058 0.072000 -0.101462 0.947978 -0.301733 7.257300 0.012828 0.304520 0.952420 -0.789700 0.000000 0.000000 0.000000 1.000000
0.994921 0.080451 -0.060498 0.072000 -0.091722 0.972162 -0.215611 7.257300 0.041467 0.220065 0.974603 -0.789700 0.000000 0.000000 0.000000 1.000000
0.994905 0.051894 -0.086431 0.072000 -0.066088 0.983147 -0.170451 7.257300 0.076129 0.175295 0.981568 -0.789700 0.000000 0.000000 0.000000 1.000000
0.991889 0.055032 -0.114572 0.072000 -0.074736 0.981637 -0.175507 7.257300 0.102810 0.182646 0.977789 -0.789700 0.000000 0.000000 0.000000 1.000000
0.987091 0.083383 -0.136744 0.072000 -0.109319 0.974743 -0.194743 7.257300 0.117052 0.207178 0.971276 -0.789700 0.000000 0.000000 0.000000 1.000000
0.984520 0.093424 -0.148295 0.072000 -0.125245 0.966886 -0.222363 7.257300 0.122610 0.237494 0.963620 -0.789700 0.000000 0.000000 0.000000 1.000000
0.986347 0.098752 -0.131785 0.072000 -0.130057 0.958012 -0.255534 7.257300 0.101017 0.269184 0.957776 -0.789700 0.000000 0.000000 0.000000 1.000000
0.985565 0.121606 -0.117790 0.072000 -0.150230 0.948972 -0.277278 7.257300 0.078061 0.290971 0.953542 -0.789700 0.000000 0.000000 0.000000 1.000000
0.981920 0.149359 -0.116300 0.072000 -0.177906 0.938039 -0.297376 7.257300 0.064678 0.312690 0.947651 -0.789700 0.000000 0.000000 0.000000 1.000000
0.981924 0.157315 -0.105253 0.072000 -0.184634 0.918507 -0.349650 7.257300 0.041671 0.362763 0.930949 -0.789700 0.000000 0.000000 0.000000 1.000000
0.982211 0.160875 -0.096856 0.072000 -0.187050 0.883692 -0.429069 7.257300 0.016564 0.439553 0.898064 -0.789700 0.000000 0.000000 0.000000 1.000000
0.981002 0.164510 -0.102816 0.072000 -0.193965 0.841329 -0.504522 7.257300 0.003503 0.514880 0.857255 -0.789700 0.000000 0.000000 0.000000 1.000000
0.980140 0.167340 -0.106412 0.072000 -0.198210 0.809771 -0.552253 7.257300 -0.006245 0.562377 0.826858 -0.789700 0.000000 0.000000 0.000000 1.000000
0.980376 0.158293 -0.117501 0.072000 -0.197098 0.798915 -0.568232 7.257300 0.003927 0.580240 0.814436 -0.789700 0.000000 0.000000 0.000000 1.000000
0.982397 0.128286 -0.135786 0.072000 -0.183841 0.792897 -0.580963 7.257300 0.033135 0.595699 0.802524 -0.789700 0.000000 0.000000 0.000000 1.000000
0.984772 0.117518 -0.128119 0.072000 -0.171073 0.786288 -0.593704 7.257300 0.030967 0.606581 0.794419 -0.789700 0.000000 0.000000 0.000000 1.000000
0.987708 0.125833 -0.092732 0.072000 -0.156158 0.768102 -0.620994 7.257300 -0.006914 0.627842 0.778310 -0.789700 0.000000 0.000000 0.000000 1.000000
0.987997 0.130974 -0.081907 0.072000 -0.152935 0.754602 -0.638111 7.257300 -0.021769 0.642978 0.765575 -0.789700 0.000000 0.000000 0.000000 1.000000
0.986955 0.146676 -0.066375 0.072000 -0.154616 0.748639 -0.644696 7.257300 -0.044870 0.646549 0.761552 -0.789700 0.000000 0.000000 0.000000 1.000000
0.986049 0.161144 -0.041715 0.072000 -0.151827 0.767960 -0.622242 7.257300 -0.068235 0.619895 0.781713 -0.789700 0.000000 0.000000 0.000000 1.000000
0.986683 0.159827 -0.030208 0.072000 -0.147696 0.802540 -0.578028 7.257300 -0.068142 0.574791 0.815458 -0.789700 0.000000 0.000000 0.000000 1.000000
0.988642 0.147208 -0.030268 0.072000 -0.138050 0.809923 -0.570059 7.257300 -0.059403 0.567763 0.821046 -0.789700 0.000000 0.000000 0.000000 1.000000
0.987733 0.153252 -0.029972 0.072000 -0.137135 0.759495 -0.635894 7.257300 -0.074688 0.632203 0.771194 -0.789700 0.000000 0.000000 0.000000 1.000000
0.988205 0.149590 -0.032758 0.072000 -0.128365 0.692534 -0.709872 7.257300 -0.083504 0.705705 0.703568 -0.789700 0.000000 0.000000 0.000000 1.000000
0.989520 0.141556 -0.028487 0.072000 -0.111674 0.625185 -0.772446 7.257300 -0.091535 0.767532 0.634441 -0.789700 0.000000 0.000000 0.000000 1.000000
0.991086 0.129658 -0.030618 0.072000 -0.098091 0.554678 -0.826263 7.257300 -0.090148 0.821901 0.562452 -0.789700 0.000000 0.000000 0.000000 1.000000
0.992374 0.116267 -0.040948 0.072000 -0.091696 0.474283 -0.875584 7.257300 -0.082381 0.872661 0.481327 -0.789700 0.000000 0.000000 0.000000 1.000000
0.992413 0.112149 -0.050397 0.072000 -0.089463 0.377483 -0.921685 7.257300 -0.084342 0.919200 0.384652 -0.789700 0.000000 0.000000 0.000000 1.000000
0.991853 0.108485 -0.066771 0.072000 -0.094300 0.272884 -0.957414 7.257300 -0.085645 0.955911 0.280891 -0.789700 0.000000 0.000000 0.000000 1.000000
0.991995 0.108826 -0.064055 0.072000 -0.083343 0.183141 -0.979547 7.257300 -0.094869 0.977045 0.190745 -0.789700 0.000000 0.000000 0.000000 1.000000
0.992552 0.105006 -0.061759 0.072000 -0.070935 0.086022 -0.993765 7.257300 -0.099039 0.990744 0.092830 -0.789700 0.000000 0.000000 0.000000 1.000000
0.993405 0.100063 -0.055977 0.072000 -0.058102 0.018450 -0.998140 7.257300 -0.098845 0.994810 0.024143 -0.789700 0.000000 0.000000 0.000000 1.000000
0.994621 0.085297 -0.058767 0.072000 -0.059247 0.003107 -0.998238 7.257300 -0.084965 0.996351 0.008143 -0.789700 0.000000 0.000000 0.000000 1.000000
0.996656 0.064594 -0.050035 0.072000 -0.052896 0.043369 -0.997658 7.257300 -0.062272 0.996969 0.046641 -0.789700 0.000000 0.000000 0.000000 1.000000
0.998297 0.050841 -0.028605 0.072000 -0.033751 0.103419 -0.994065 7.257300 -0.047581 0.993338 0.104959 -0.789700 0.000000 0.000000 0.000000 1.000000
0.999206 0.028254 -0.028090 0.072000 -0.032599 0.174467 -0.984123 7.257300 -0.022904 0.984258 0.175250 -0.789700 0.000000 0.000000 0.000000 1.000000
0.999481 0.009543 -0.030780 0.072000 -0.032202 0.258854 -0.965380 7.257300 -0.001245 0.965869 0.259027 -0.789700 0.000000 0.000000 0.000000 1.000000
0.998693 -0.001604 -0.051093 0.072000 -0.047754 0.327337 -0.943700 7.257300 0.018239 0.944906 0.326833 -0.789700 0.000000 0.000000 0.000000 1.000000
0.997920 0.013850 -0.062964 0.072000 -0.063285 0.396749 -0.915743 7.257300 0.012298 0.917823 0.396800 -0.789700 0.000000 0.000000 0.000000 1.000000
0.998169 0.014629 -0.058691 0.072000 -0.058912 0.455097 -0.888491 7.257300 0.013712 0.890322 0.455126 -0.789700 0.000000 0.000000 0.000000 1.000000
0.998120 0.025053 -0.055941 0.072000 -0.060857 0.513931 -0.855670 7.257300 0.007313 0.857466 0.514489 -0.789700 0.000000 0.000000 0.000000 1.000000
0.998088 0.020569 -0.058287 0.072000 -0.059890 0.555018 -0.829679 7.257300 0.015284 0.831584 0.555189 -0.789700 0.000000 0.000000 0.000000 1.000000
0.998253 0.020419 -0.055447 0.072000 -0.056843 0.588061 -0.806817 7.257300 0.016132 0.808559 0.588194 -0.789700 0.000000 0.000000 0.000000 1.000000
0.998971 0.017888 -0.041671 0.072000 -0.043686 0.626157 -0.778472 7.257300 0.012167 0.779492 0.626294 -0.789700 0.000000 0.000000 0.000000 1.000000
0.999515 0.031066 0.002017 0.072000 -0.018529 0.645708 -0.763359 7.257300 -0.025017 0.762952 0.645971 -0.789700 0.000000 0.000000 0.000000 1.000000
0.999425 0.009201 0.032635 0.072000 0.019070 0.643308 -0.765370 7.257300 -0.028037 0.765552 0.642763 -0.789700 0.000000 0.000000 0.000000 1.000000
0.997695 -0.034289 0.058561 0.072000 0.067070 0.629635 -0.773991 7.257300 -0.010332 0.776134 0.630483 -0.789700 0.000000 0.000000 0.000000 1.000000
0.997687 -0.056607 0.037645 0.072000 0.065652 0.658548 -0.749669 7.257300 0.017646 0.750407 0.660741 -0.789700 0.000000 0.000000 0.000000 1.000000
0.996473 -0.082389 -0.015957 0.072000 0.045713 0.692359 -0.720104 7.257300 0.070376 0.716834 0.693683 -0.789700 0.000000 0.000000 0.000000 1.000000
0.991270 -0.127360 -0.034101 0.072000 0.073181 0.746622 -0.661211 7.257300 0.109672 0.652943 0.749424 -0.789700 0.000000 0.000000 0.000000 1.000000
0.987585 -0.143454 -0.064015 0.072000 0.077952 0.801325 -0.593128 7.257300 0.136383 0.580774 0.802559 -0.789700 0.000000 0.000000 0.000000 1.000000
0.987773 -0.115156 -0.105085 0.072000 0.034337 0.818222 -0.573876 7.257300 0.152068 0.563252 0.812172 -0.789700 0.000000 0.000000 0.000000 1.000000
