<?xml version="1.0" encoding="utf-8"?>
<COLLADA xmlns="http://www.collada.org/2005/11/COLLADASchema" version="1.4.1">
  <asset>
    <contributor>
      <author>Mixamo</author>
      <authoring_tool>COLLADA Mixamo exporter</authoring_tool>
      <comments/>
    </contributor>
    <created>2024-03-07T08:17:09Z</created>
    <modified>2024-03-07T08:17:09Z</modified>
    <revision/>
    <title/>
    <unit meter="0.010000"/>
    <up_axis>Y_UP</up_axis>
  </asset>
  <library_animations>
    <animation id="mixamorig_Hips-anim" name="mixamorig_Hips">
      <source id="mixamorig_Hips-Matrix-animation-input">
        <float_array id="mixamorig_Hips-Matrix-animation-input-array" count="141">

0.000000 0.033333 0.066667 0.100000 0.133333 0.166667 0.200000 0.233333 0.266667 0.300000 0.333333 0.366667 0.400000 0.433333 0.466667 0.500000
0.533333 0.566667 0.600000 0.633333 0.666667 0.700000 0.733333 0.766667 0.800000 0.833333 0.866667 0.900000 0.933333 0.966667 1.000000 1.033333
1.066667 1.100000 1.133333 1.166667 1.200000 1.233333 1.266667 1.300000 1.333333 1.366667 1.400000 1.433333 1.466667 1.500000 1.533333 1.566667
1.600000 1.633333 1.666667 1.700000 1.733333 1.766667 1.800000 1.833333 1.866667 1.900000 1.933333 1.966667 2.000000 2.033333 2.066667 2.100000
2.133333 2.166667 2.200000 2.233333 2.266667 2.300000 2.333333 2.366667 2.400000 2.433333 2.466667 2.500000 2.533333 2.566667 2.600000 2.633333
2.666667 2.700000 2.733333 2.766667 2.800000 2.833333 2.866667 2.900000 2.933333 2.966667 3.000000 3.033333 3.066667 3.100000 3.133333 3.166667
3.200000 3.233333 3.266667 3.300000 3.333333 3.366667 3.400000 3.433333 3.466667 3.500000 3.533333 3.566667 3.600000 3.633333 3.666667 3.700000
3.733333 3.766667 3.800000 3.833333 3.866667 3.900000 3.933333 3.966667 4.000000 4.033333 4.066667 4.100000 4.133333 4.166667 4.200000 4.233333
4.266667 4.300000 4.333333 4.366667 4.400000 4.433333 4.466667 4.500000 4.533333 4.566667 4.600000 4.633333 4.666667</float_array>
        <technique_common>
          <accessor source="#mixamorig_Hips-Matrix-animation-input-array" count="141">
            <param name="TIME" type="float"/>
          </accessor>
        </technique_common>
      </source>
      <source id="mixamorig_Hips-Matrix-animation-output-transform">
        <float_array id="mixamorig_Hips-Matrix-animation-output-transform-array" count="2256">

0.560062 -0.025798 -0.828049 -1.218026 -0.010939 0.999198 -0.038528 97.059769 0.828379 0.030636 0.559330 0.615321 0.000000 0.000000 0.000000 1.000000
0.561898 -0.025914 -0.826800 -1.248144 -0.011785 0.999157 -0.039325 97.075333 0.827123 0.031840 0.561119 0.614390 0.000000 0.000000 0.000000 1.000000
0.563534 -0.025770 -0.825691 -1.290040 -0.012181 0.999145 -0.039497 97.096779 0.826003 0.032316 0.562739 0.597770 0.000000 0.000000 0.000000 1.000000
0.564411 -0.025659 -0.825095 -1.337185 -0.012145 0.999151 -0.039380 97.091141 0.825404 0.032247 0.563620 0.577424 0.000000 0.000000 0.000000 1.000000
0.564737 -0.025647 -0.824872 -1.378995 -0.012021 0.999155 -0.039296 97.055107 0.825183 0.032107 0.563952 0.563236 0.000000 0.000000 0.000000 1.000000
0.565175 -0.025931 -0.824563 -1.407991 -0.011886 0.999146 -0.039568 97.019157 0.824885 0.032164 0.564385 0.556302 0.000000 0.000000 0.000000 1.000000
0.565854 -0.026607 -0.824076 -1.423362 -0.011552 0.999125 -0.040190 97.008713 0.824425 0.032261 0.565052 0.560365 0.000000 0.000000 0.000000 1.000000
0.566250 -0.027266 -0.823782 -1.431435 -0.010979 0.999115 -0.040616 97.022987 0.824160 0.032043 0.565449 0.582141 0.000000 0.000000 0.000000 1.000000
0.566062 -0.027596 -0.823901 -1.441325 -0.010235 0.999127 -0.040497 97.060410 0.824299 0.031357 0.565286 0.618296 0.000000 0.000000 0.000000 1.000000
0.565769 -0.027904 -0.824091 -1.455508 -0.009711 0.999132 -0.040497 97.119011 0.824506 0.030915 0.565008 0.661361 0.000000 0.000000 0.000000 1.000000
0.566322 -0.028146 -0.823703 -1.423030 -0.010363 0.999095 -0.041264 97.151024 0.824119 0.031905 0.565518 0.741504 0.000000 0.000000 0.000000 1.000000
0.568259 -0.028255 -0.822364 -1.391145 -0.012051 0.999017 -0.042652 97.160889 0.822761 0.034148 0.567361 0.785133 0.000000 0.000000 0.000000 1.000000
0.570953 -0.028036 -0.820504 -1.367334 -0.014015 0.998938 -0.043886 97.144791 0.820863 0.036556 0.569954 0.760932 0.000000 0.000000 0.000000 1.000000
0.573752 -0.026861 -0.818588 -1.323145 -0.017453 0.998834 -0.045008 97.063850 0.818843 0.040110 0.572614 0.735001 0.000000 0.000000 0.000000 1.000000
0.578911 -0.025067 -0.815005 -1.260175 -0.024090 0.998565 -0.047825 96.881012 0.815035 0.047320 0.577476 0.769447 0.000000 0.000000 0.000000 1.000000
0.591635 -0.022143 -0.805902 -1.225579 -0.035200 0.997960 -0.053262 96.605087 0.805437 0.059879 0.589649 0.869520 0.000000 0.000000 0.000000 1.000000
0.615815 -0.014646 -0.787755 -1.325013 -0.049822 0.997102 -0.057486 96.208199 0.786314 0.074649 0.613301 0.944129 0.000000 0.000000 0.000000 1.000000
0.651463 0.002334 -0.758677 -1.680465 -0.065952 0.996384 -0.053566 95.649689 0.755808 0.084932 0.649261 0.849631 0.000000 0.000000 0.000000 1.000000
0.696070 0.031048 -0.717303 -2.325994 -0.085494 0.995541 -0.039872 94.964043 0.712866 0.089079 0.695620 0.563041 0.000000 0.000000 0.000000 1.000000
0.743563 0.065963 -0.665404 -3.162708 -0.109946 0.993639 -0.024358 94.321259 0.659565 0.091270 0.746086 0.265823 0.000000 0.000000 0.000000 1.000000
0.783381 0.094828 -0.614266 -4.084092 -0.132917 0.990989 -0.016525 93.889557 0.607164 0.094592 0.788926 0.207631 0.000000 0.000000 0.000000 1.000000
0.808165 0.102370 -0.579991 -5.055442 -0.137593 0.990344 -0.016925 93.703323 0.572658 0.093481 0.814447 0.268392 0.000000 0.000000 0.000000 1.000000
0.819206 0.094745 -0.565618 -6.027920 -0.125559 0.991962 -0.015691 93.803612 0.559585 0.083872 0.824518 0.516588 0.000000 0.000000 0.000000 1.000000
0.826178 0.092594 -0.555749 -6.941144 -0.113098 0.993581 -0.002589 93.967209 0.551941 0.064993 0.831346 1.097929 0.000000 0.000000 0.000000 1.000000
0.838652 0.108387 -0.533774 -7.753297 -0.114755 0.993164 0.021369 93.899414 0.532441 0.043332 0.845357 2.078951 0.000000 0.000000 0.000000 1.000000
0.856202 0.131481 -0.499630 -8.488011 -0.127366 0.990944 0.042510 93.478287 0.500695 0.027239 0.865195 3.133282 0.000000 0.000000 0.000000 1.000000
0.873094 0.142376 -0.466301 -9.093085 -0.135533 0.989591 0.048384 92.975792 0.468336 0.020955 0.883302 3.844604 0.000000 0.000000 0.000000 1.000000
0.885627 0.140151 -0.442745 -9.655952 -0.135123 0.989893 0.043062 92.825615 0.444305 0.021688 0.895613 4.163969 0.000000 0.000000 0.000000 1.000000
0.891653 0.138297 -0.431079 -10.061422 -0.133912 0.990158 0.040673 93.051750 0.432461 0.021460 0.901397 4.112855 0.000000 0.000000 0.000000 1.000000
0.889666 0.142760 -0.433720 -10.248877 -0.135904 0.989608 0.046960 93.452599 0.435917 0.017166 0.899823 3.715050 0.000000 0.000000 0.000000 1.000000
0.876280 0.144285 -0.459690 -10.309104 -0.133157 0.989469 0.056739 93.853333 0.463036 0.011492 0.886265 2.813710 0.000000 0.000000 0.000000 1.000000
0.846749 0.135451 -0.514461 -10.284402 -0.119801 0.990754 0.063672 94.216057 0.518329 0.007719 0.855147 1.261105 0.000000 0.000000 0.000000 1.000000
0.800949 0.120765 -0.586426 -10.139352 -0.100661 0.992666 0.066940 94.491150 0.590210 0.005415 0.807232 -0.864919 0.000000 0.000000 0.000000 1.000000
0.749476 0.111770 -0.652528 -9.814651 -0.085577 0.993732 0.071924 94.717125 0.656477 0.001936 0.754343 -3.056385 0.000000 0.000000 0.000000 1.000000
0.707712 0.112773 -0.697443 -9.339518 -0.078169 0.993616 0.081343 95.062668 0.702164 -0.003049 0.712009 -4.699136 0.000000 0.000000 0.000000 1.000000
0.682755 0.115091 -0.721526 -8.934759 -0.073599 0.993326 0.088801 95.650467 0.726931 -0.007525 0.686669 -5.522951 0.000000 0.000000 0.000000 1.000000
0.666834 0.112723 -0.736632 -8.652514 -0.064306 0.993510 0.093819 96.121170 0.742427 -0.015191 0.669755 -5.501980 0.000000 0.000000 0.000000 1.000000
0.640491 0.115119 -0.759288 -8.126616 -0.046699 0.992710 0.111116 95.892548 0.766544 -0.035711 0.641198 -4.781505 0.000000 0.000000 0.000000 1.000000
0.583768 0.129627 -0.801506 -7.079651 -0.020501 0.989212 0.145052 95.099442 0.811662 -0.068245 0.580128 -3.730012 0.000000 0.000000 0.000000 1.000000
0.490817 0.142916 -0.859462 -5.699488 0.012547 0.985193 0.170989 94.554024 0.871173 -0.094707 0.481756 -3.104062 0.000000 0.000000 0.000000 1.000000
0.381715 0.135817 -0.914247 -4.411004 0.044629 0.985283 0.165003 94.454330 0.923202 -0.103786 0.370036 -3.319764 0.000000 0.000000 0.000000 1.000000
0.299479 0.115895 -0.947038 -3.514202 0.063272 0.987998 0.140916 94.789490 0.952003 -0.102123 0.288552 -4.040552 0.000000 0.000000 0.000000 1.000000
0.270504 0.109078 -0.956519 -2.898628 0.062905 0.989435 0.130622 95.863220 0.960661 -0.095503 0.260785 -4.585073 0.000000 0.000000 0.000000 1.000000
0.277839 0.114709 -0.953754 -2.630215 0.063492 0.988481 0.137381 97.939316 0.958527 -0.098725 0.267356 -4.875207 0.000000 0.000000 0.000000 1.000000
0.284144 0.111789 -0.952242 -2.841776 0.072339 0.987849 0.137555 100.176804 0.956049 -0.107969 0.272605 -4.744618 0.000000 0.000000 0.000000 1.000000
0.264456 0.089807 -0.960207 -3.425773 0.084325 0.989688 0.115789 101.818756 0.960704 -0.111590 0.254156 -4.316700 0.000000 0.000000 0.000000 1.000000
0.225768 0.058655 -0.972414 -3.970176 0.087517 0.992928 0.080211 102.610153 0.970242 -0.103212 0.219038 -3.725539 0.000000 0.000000 0.000000 1.000000
0.199068 0.036536 -0.979304 -3.982575 0.079333 0.995424 0.053263 102.200058 0.976769 -0.088294 0.195259 -3.462863 0.000000 0.000000 0.000000 1.000000
0.212241 0.035475 -0.976573 -3.270147 0.055408 0.997296 0.048269 101.337349 0.975645 -0.064355 0.209702 -3.504741 0.000000 0.000000 0.000000 1.000000
0.263168 0.044302 -0.963732 -2.213557 0.028496 0.998152 0.053666 100.449593 0.964329 -0.041585 0.261419 -3.824711 0.000000 0.000000 0.000000 1.000000
0.326652 0.043681 -0.944135 -1.262825 0.013134 0.998625 0.050746 99.617096 0.945053 -0.028977 0.325629 -4.195406 0.000000 0.000000 0.000000 1.000000
0.377664 0.030513 -0.925440 -0.604924 0.012180 0.999207 0.037916 98.845154 0.925863 -0.025591 0.376993 -4.439846 0.000000 0.000000 0.000000 1.000000
0.407923 0.016801 -0.912862 -0.211611 0.015977 0.999546 0.025536 98.144897 0.912877 -0.025002 0.407469 -4.527719 0.000000 0.000000 0.000000 1.000000
0.425238 0.015075 -0.904956 -0.020830 0.011530 0.999690 0.022071 97.624413 0.905008 -0.019819 0.424932 -4.333691 0.000000 0.000000 0.000000 1.000000
0.442114 0.030537 -0.896439 -0.089751 -0.003324 0.999469 0.032408 97.109421 0.896953 -0.011348 0.441980 -3.844306 0.000000 0.000000 0.000000 1.000000
0.464149 0.055667 -0.884006 -0.454490 -0.019488 0.998423 0.052639 96.618210 0.885543 -0.007205 0.464502 -3.142049 0.000000 0.000000 0.000000 1.000000
0.487616 0.073944 -0.869921 -0.954119 -0.029448 0.997233 0.068259 96.255661 0.872561 -0.007666 0.488444 -2.358499 0.000000 0.000000 0.000000 1.000000
0.509729 0.081650 -0.856452 -1.323226 -0.038273 0.996653 0.072238 96.120735 0.859483 -0.004043 0.511148 -1.705148 0.000000 0.000000 0.000000 1.000000
0.540664 0.090200 -0.836389 -1.531799 -0.053912 0.995906 0.072553 96.355530 0.839509 0.005865 0.543313 -1.519281 0.000000 0.000000 0.000000 1.000000
0.598409 0.104821 -0.794304 -1.763982 -0.078841 0.994297 0.071817 96.855545 0.797302 0.019648 0.603260 -1.837309 0.000000 0.000000 0.000000 1.000000
0.684831 0.116364 -0.719351 -2.268332 -0.104918 0.992627 0.060687 97.307381 0.721110 0.033913 0.691990 -2.457182 0.000000 0.000000 0.000000 1.000000
0.776021 0.117895 -0.619590 -3.100300 -0.121881 0.991889 0.036082 97.474998 0.618818 0.047516 0.784096 -3.163721 0.000000 0.000000 0.000000 1.000000
0.843731 0.111400 -0.525080 -4.023641 -0.126439 0.991948 0.007280 97.291122 0.521663 0.060248 0.851022 -3.865867 0.000000 0.000000 0.000000 1.000000
0.881154 0.103193 -0.461432 -4.716660 -0.125365 0.991955 -0.017561 96.830940 0.455908 0.073322 0.887002 -4.419074 0.000000 0.000000 0.000000 1.000000
0.899945 0.097874 -0.424877 -5.098531 -0.125244 0.991440 -0.036896 96.092979 0.417629 0.086418 0.904499 -4.477700 0.000000 0.000000 0.000000 1.000000
0.913829 0.096441 -0.394482 -5.356915 -0.125735 0.990851 -0.049031 95.118347 0.386144 0.094407 0.917595 -3.858897 0.000000 0.000000 0.000000 1.000000
0.927016 0.102952 -0.360615 -5.643562 -0.129911 0.990199 -0.051265 94.096748 0.351803 0.094372 0.931305 -2.719796 0.000000 0.000000 0.000000 1.000000
0.935323 0.120883 -0.332503 -5.925953 -0.143272 0.988724 -0.043564 93.268532 0.323487 0.088385 0.942096 -1.298109 0.000000 0.000000 0.000000 1.000000
0.936562 0.138771 -0.321861 -6.179470 -0.156871 0.987137 -0.030862 92.838799 0.313438 0.079395 0.946284 0.164532 0.000000 0.000000 0.000000 1.000000
0.934675 0.139170 -0.327130 -6.406354 -0.155760 0.987480 -0.024936 92.685036 0.319564 0.074261 0.944650 1.494197 0.000000 0.000000 0.000000 1.000000
0.934088 0.126523 -0.333872 -6.506628 -0.146933 0.988473 -0.036493 92.527695 0.325406 0.083144 0.941912 2.597486 0.000000 0.000000 0.000000 1.000000
0.936217 0.120112 -0.330260 -6.434202 -0.148209 0.987063 -0.061158 92.085670 0.318642 0.106204 0.941907 3.250826 0.000000 0.000000 0.000000 1.000000
0.939078 0.128511 -0.318776 -6.184811 -0.162181 0.983405 -0.081318 91.119362 0.303035 0.128064 0.944335 3.229164 0.000000 0.000000 0.000000 1.000000
0.938446 0.144800 -0.313612 -5.688175 -0.179509 0.980110 -0.084626 89.929405 0.295120 0.135713 0.945773 2.882524 0.000000 0.000000 0.000000 1.000000
0.929523 0.156930 -0.333705 -4.814742 -0.191592 0.978725 -0.073413 89.132347 0.315085 0.132174 0.939814 2.855213 0.000000 0.000000 0.000000 1.000000
0.904877 0.155071 -0.396422 -3.503359 -0.192349 0.979738 -0.055807 89.133545 0.379736 0.126750 0.916371 3.471075 0.000000 0.000000 0.000000 1.000000
0.849489 0.136731 -0.509581 -1.781880 -0.180647 0.982836 -0.037430 90.003532 0.495717 0.123851 0.859608 4.668727 0.000000 0.000000 0.000000 1.000000
0.739885 0.104445 -0.664576 0.265636 -0.157932 0.987233 -0.020676 91.757713 0.653932 0.120256 0.746935 6.013635 0.000000 0.000000 0.000000 1.000000
0.557714 0.063841 -0.827575 2.467559 -0.123932 0.992266 -0.006973 94.178596 0.820729 0.106452 0.561312 7.115789 0.000000 0.000000 0.000000 1.000000
0.331717 0.031768 -0.942844 4.534458 -0.077879 0.996944 0.006191 96.898651 0.940159 0.071374 0.333177 7.557273 0.000000 0.000000 0.000000 1.000000
0.150504 0.032894 -0.988062 6.630067 -0.041975 0.998758 0.026856 99.128021 0.987718 0.037432 0.151697 7.366065 0.000000 0.000000 0.000000 1.000000
0.084870 0.059311 -0.994625 9.218614 -0.052210 0.997120 0.055005 100.933510 0.995023 0.047261 0.087723 6.949403 0.000000 0.000000 0.000000 1.000000
0.130929 0.085986 -0.987656 12.194367 -0.105160 0.991816 0.072408 102.407211 0.985799 0.094382 0.138899 6.870455 0.000000 0.000000 0.000000 1.000000
0.211494 0.085245 -0.973655 14.938652 -0.146629 0.987682 0.054622 103.769333 0.966318 0.131214 0.221388 7.680402 0.000000 0.000000 0.000000 1.000000
0.246714 0.041789 -0.968187 16.748018 -0.139689 0.990170 0.007142 104.861610 0.958968 0.133483 0.250126 9.351317 0.000000 0.000000 0.000000 1.000000
0.214180 -0.002514 -0.976791 17.697800 -0.110676 0.993494 -0.026825 104.862923 0.970504 0.113853 0.212508 11.461695 0.000000 0.000000 0.000000 1.000000
0.129259 0.003950 -0.991603 18.339914 -0.095983 0.995346 -0.008547 103.502716 0.986955 0.096282 0.129036 13.689385 0.000000 0.000000 0.000000 1.000000
0.018717 0.048061 -0.998669 18.818974 -0.095720 0.994342 0.046059 101.458748 0.995232 0.094731 0.023211 15.732128 0.000000 0.000000 0.000000 1.000000
-0.075606 0.068312 -0.994795 19.107969 -0.100467 0.992052 0.075759 99.467072 0.992064 0.105672 -0.068142 17.208838 0.000000 0.000000 0.000000 1.000000
-0.112735 0.028138 -0.993227 19.468399 -0.112030 0.992865 0.040844 98.066040 0.987289 0.115876 -0.108779 17.676937 0.000000 0.000000 0.000000 1.000000
-0.088600 -0.051940 -0.994712 20.581043 -0.139926 0.989386 -0.039199 97.999420 0.986190 0.135713 -0.094928 17.283329 0.000000 0.000000 0.000000 1.000000
-0.035112 -0.126047 -0.991403 22.746548 -0.174212 0.977598 -0.118122 99.477783 0.984082 0.168567 -0.056284 16.490084 0.000000 0.000000 0.000000 1.000000
0.011961 -0.176838 -0.984167 25.282862 -0.188332 0.966224 -0.175903 101.535545 0.982033 0.187454 -0.021747 15.427481 0.000000 0.000000 0.000000 1.000000
0.037230 -0.211975 -0.976566 27.203838 -0.171387 0.961409 -0.215219 102.942184 0.984500 0.175384 -0.000536 14.195181 0.000000 0.000000 0.000000 1.000000
0.039641 -0.225885 -0.973347 28.098269 -0.139644 0.963301 -0.229240 103.113297 0.989408 0.145010 0.006643 13.112659 0.000000 0.000000 0.000000 1.000000
0.028883 -0.203796 -0.978587 28.148508 -0.108728 0.972546 -0.205747 101.921265 0.993652 0.112342 0.005932 12.225525 0.000000 0.000000 0.000000 1.000000
0.022003 -0.152396 -0.988075 27.587227 -0.070036 0.985651 -0.153581 99.569832 0.997302 0.072580 0.011014 11.017948 0.000000 0.000000 0.000000 1.000000
0.028285 -0.099353 -0.994650 26.642454 -0.015438 0.994886 -0.099816 97.254143 0.999481 0.018178 0.026607 9.448183 0.000000 0.000000 0.000000 1.000000
0.045116 -0.067955 -0.996668 25.467117 0.052026 0.996490 -0.065588 96.383614 0.997626 -0.048894 0.048493 7.383893 0.000000 0.000000 0.000000 1.000000
0.061844 -0.061215 -0.996207 24.007320 0.120217 0.991308 -0.053451 97.375282 0.990819 -0.116456 0.068666 5.067850 0.000000 0.000000 0.000000 1.000000
0.072516 -0.061458 -0.995472 22.846476 0.175906 0.983241 -0.047889 99.170799 0.981732 -0.171637 0.082112 3.275289 0.000000 0.000000 0.000000 1.000000
0.087109 -0.053056 -0.994785 22.422457 0.229035 0.972898 -0.031833 101.237076 0.969513 -0.225067 0.096900 1.848439 0.000000 0.000000 0.000000 1.000000
0.124802 -0.033791 -0.991606 22.945301 0.286740 0.958002 0.003443 102.698654 0.949844 -0.284763 0.129250 -0.108732 0.000000 0.000000 0.000000 1.000000
0.188074 -0.013225 -0.982066 23.784716 0.347003 0.936317 0.053845 103.736526 0.918813 -0.350907 0.180686 -2.944873 0.000000 0.000000 0.000000 1.000000
0.255457 0.011341 -0.966754 24.188423 0.401832 0.908229 0.116836 104.626900 0.879359 -0.418319 0.227457 -6.091077 0.000000 0.000000 0.000000 1.000000
0.293542 0.049251 -0.954677 23.695602 0.449273 0.874399 0.183251 105.030090 0.843794 -0.482702 0.234545 -8.194347 0.000000 0.000000 0.000000 1.000000
0.297432 0.098219 -0.949677 22.845457 0.495675 0.834250 0.241523 105.048843 0.815990 -0.542568 0.199448 -8.459180 0.000000 0.000000 0.000000 1.000000
0.283203 0.152712 -0.946824 21.477940 0.533316 0.795447 0.287816 104.594894 0.797101 -0.586467 0.143830 -6.754978 0.000000 0.000000 0.000000 1.000000
0.271369 0.208068 -0.939716 18.918556 0.550339 0.767453 0.328852 104.019440 0.789611 -0.606402 0.093755 -3.106287 0.000000 0.000000 0.000000 1.000000
0.278242 0.261969 -0.924096 16.375233 0.538256 0.754306 0.375903 103.606239 0.795526 -0.601992 0.068874 0.183266 0.000000 0.000000 0.000000 1.000000
0.304425 0.308427 -0.901220 14.675490 0.503028 0.751383 0.427067 103.825119 0.808881 -0.583349 0.073593 1.279807 0.000000 0.000000 0.000000 1.000000
0.345567 0.335188 -0.876489 12.928275 0.453146 0.758304 0.468651 104.353302 0.821731 -0.559128 0.110156 1.660604 0.000000 0.000000 0.000000 1.000000
0.405264 0.333652 -0.851139 11.543327 0.391882 0.777743 0.491472 104.686943 0.825948 -0.532722 0.184439 0.407363 0.000000 0.000000 0.000000 1.000000
0.484070 0.314021 -0.816742 12.140322 0.332250 0.797524 0.503552 104.716019 0.809497 -0.515117 0.281724 -5.130758 0.000000 0.000000 0.000000 1.000000
0.545990 0.302257 -0.781368 13.400558 0.282822 0.811405 0.511502 104.615356 0.788611 -0.500263 0.357534 -11.554560 0.000000 0.000000 0.000000 1.000000
0.575358 0.299697 -0.761016 14.920790 0.228710 0.834379 0.501502 105.092072 0.785274 -0.462595 0.411522 -17.853348 0.000000 0.000000 0.000000 1.000000
0.571546 0.281486 -0.770779 17.053267 0.168838 0.878882 0.446161 106.734673 0.803013 -0.385138 0.454796 -25.145428 0.000000 0.000000 0.000000 1.000000
0.532940 0.245317 -0.809812 19.730106 0.111717 0.928273 0.354724 108.114746 0.838746 -0.279516 0.467307 -32.603241 0.000000 0.000000 0.000000 1.000000
0.464828 0.211233 -0.859835 23.719872 0.069491 0.959425 0.273267 108.768150 0.882670 -0.186773 0.431289 -40.667137 0.000000 0.000000 0.000000 1.000000
0.361519 0.174504 -0.915889 27.999447 0.051577 0.977082 0.206522 108.642563 0.930937 -0.121901 0.344233 -48.365921 0.000000 0.000000 0.000000 1.000000
0.247521 0.130287 -0.960083 31.739428 0.046904 0.988144 0.146188 106.921455 0.967746 -0.081216 0.238476 -55.516796 0.000000 0.000000 0.000000 1.000000
0.174326 0.090883 -0.980485 35.015602 0.036552 0.994448 0.098676 103.841431 0.984009 -0.053041 0.170036 -62.517479 0.000000 0.000000 0.000000 1.000000
0.158550 0.066225 -0.985128 37.827656 0.020049 0.997326 0.070272 101.064354 0.987147 -0.030892 0.156798 -68.164726 0.000000 0.000000 0.000000 1.000000
0.160777 0.042924 -0.986057 39.914135 -0.014738 0.999047 0.041086 99.158859 0.986881 0.007927 0.161257 -72.864128 0.000000 0.000000 0.000000 1.000000
0.147393 -0.000388 -0.989078 41.334885 -0.060238 0.998140 -0.009368 97.622437 0.987242 0.060961 0.147096 -76.863823 0.000000 0.000000 0.000000 1.000000
0.132710 -0.054958 -0.989630 42.777306 -0.085903 0.994067 -0.066724 95.410576 0.987425 0.093867 0.127202 -81.761642 0.000000 0.000000 0.000000 1.000000
0.125832 -0.089683 -0.987990 44.919624 -0.081395 0.991614 -0.100379 92.360352 0.988707 0.093048 0.117477 -87.126434 0.000000 0.000000 0.000000 1.000000
0.100756 -0.104902 -0.989365 47.227085 -0.059382 0.992019 -0.111231 89.079353 0.993137 0.069957 0.093722 -91.840385 0.000000 0.000000 0.000000 1.000000
0.047431 -0.116776 -0.992025 49.044769 -0.044636 0.991903 -0.118896 86.915062 0.997877 0.049919 0.041835 -95.126770 0.000000 0.000000 0.000000 1.000000
0.006775 -0.125316 -0.992094 49.838654 -0.036933 0.991408 -0.125481 85.926643 0.999295 0.037491 0.002089 -97.419891 0.000000 0.000000 0.000000 1.000000
0.012915 -0.119797 -0.992714 49.964264 -0.028875 0.992338 -0.120127 85.931015 0.999500 0.030216 0.009357 -98.714088 0.000000 0.000000 0.000000 1.000000
0.047075 -0.103741 -0.993490 50.014343 -0.019433 0.994309 -0.104747 86.296989 0.998702 0.024237 0.044792 -99.356812 0.000000 0.000000 0.000000 1.000000
0.070235 -0.092606 -0.993223 50.165325 -0.013072 0.995511 -0.093744 86.793137 0.997445 0.019568 0.068709 -99.684891 0.000000 0.000000 0.000000 1.000000
0.070228 -0.092107 -0.993270 50.297756 -0.008082 0.995643 -0.092898 87.277405 0.997498 0.014552 0.069177 -99.888313 0.000000 0.000000 0.000000 1.000000
0.061385 -0.095635 -0.993522 50.285538 -0.002614 0.995380 -0.095975 87.586563 0.998111 0.008489 0.060851 -99.963982 0.000000 0.000000 0.000000 1.000000
0.057172 -0.096145 -0.993724 50.158279 0.001764 0.995360 -0.096202 87.726669 0.998363 0.003747 0.057076 -99.909882 0.000000 0.000000 0.000000 1.000000
0.057497 -0.092513 -0.994050 50.033081 0.003672 0.995710 -0.092455 87.795601 0.998339 0.001665 0.057590 -99.814278 0.000000 0.000000 0.000000 1.000000
0.057112 -0.087336 -0.994540 49.969780 0.003346 0.996178 -0.087288 87.820290 0.998362 0.001658 0.057186 -99.764877 0.000000 0.000000 0.000000 1.000000
0.054682 -0.083573 -0.995000 49.935413 0.002012 0.996498 -0.083588 87.779594 0.998502 0.002568 0.054658 -99.775452 0.000000 0.000000 0.000000 1.000000
0.052274 -0.082420 -0.995226 49.891468 0.001091 0.996592 -0.082476 87.693512 0.998632 0.003226 0.052186 -99.816872 0.000000 0.000000 0.000000 1.000000
0.051383 -0.082450 -0.995270 49.848450 0.000877 0.996589 -0.082514 87.603722 0.998679 0.003367 0.051280 -99.864433 0.000000 0.000000 0.000000 1.000000</float_array>
        <technique_common>
          <accessor source="#mixamorig_Hips-Matrix-animation-output-transform-array" count="141" stride="16">
            <param type="float4x4"/>
          </accessor>
        </technique_common>
      </source>
      <source id="mixamorig_Hips-Interpolations">
        <Name_array id="mixamorig_Hips-Interpolations-array" count="141">
 LINEAR LINEAR LINEAR LINEAR LINEAR LINEAR LINEAR LINEAR LINEAR LINEAR LINEAR
LINEAR LINEAR LINEAR LINEAR LINEAR LINEAR LINEAR LINEAR LINEAR LINEAR LINEAR LINEAR
LINEAR LINEAR LINEAR LINEAR LINEAR LINEAR LINEAR LINEAR LINEAR LINEAR LINEAR LINEAR
LINEAR LINEAR LINEAR LINEAR LINEAR LINEAR LINEAR LINEAR LINEAR LINEAR LINEAR LINEAR
LINEAR LINEAR LINEAR LINEAR LINEAR LINEAR LINEAR LINEAR LINEAR LINEAR LINEAR LINEAR
LINEAR LINEAR LINEAR LINEAR LINEAR LINEAR LINEAR LINEAR LINEAR LINEAR LINEAR LINEAR
LINEAR LINEAR LINEAR LINEAR LINEAR LINEAR LINEAR LINEAR LINEAR LINEAR LINEAR LINEAR
LINEAR LINEAR LINEAR LINEAR LINEAR LINEAR LINEAR LINEAR LINEAR LINEAR LINEAR LINEAR
LINEAR LINEAR LINEAR LINEAR LINEAR LINEAR LINEAR LINEAR LINEAR LINEAR LINEAR LINEAR
LINEAR LINEAR LINEAR LINEAR LINEAR LINEAR LINEAR LINEAR LINEAR LINEAR LINEAR LINEAR
LINEAR LINEAR LINEAR LINEAR LINEAR LINEAR LINEAR LINEAR LINEAR LINEAR LINEAR LINEAR
LINEAR LINEAR LINEAR LINEAR LINEAR LINEAR LINEAR LINEAR LINEAR LINEAR</Name_array>
        <technique_common>
          <accessor source="#mixamorig_Hips-Interpolations-array" count="141">
            <param type="name"/>
          </accessor>
        </technique_common>
      </source>
      <sampler id="mixamorig_Hips-Matrix-animation-transform">
        <input semantic="INPUT" source="#mixamorig_Hips-Matrix-animation-input"/>
        <input semantic="OUTPUT" source="#mixamorig_Hips-Matrix-animation-output-transform"/>
        <input semantic="INTERPOLATION" source="#mixamorig_Hips-Interpolations"/>
      </sampler>
      <channel source="#mixamorig_Hips-Matrix-animation-transform" target="mixamorig_Hips/matrix"/>
    </animation>
    <animation id="mixamorig_Spine-anim" name="mixamorig_Spine">
      <source id="mixamorig_Spine-Matrix-animation-input">
        <float_array id="mixamorig_Spine-Matrix-animation-input-array" count="141">

0.000000 0.033333 0.066667 0.100000 0.133333 0.166667 0.200000 0.233333 0.266667 0.300000 0.333333 0.366667 0.400000 0.433333 0.466667 0.500000
0.533333 0.566667 0.600000 0.633333 0.666667 0.700000 0.733333 0.766667 0.800000 0.833333 0.866667 0.900000 0.933333 0.966667 1.000000 1.033333
1.066667 1.100000 1.133333 1.166667 1.200000 1.233333 1.266667 1.300000 1.333333 1.366667 1.400000 1.433333 1.466667 1.500000 1.533333 1.566667
1.600000 1.633333 1.666667 1.700000 1.733333 1.766667 1.800000 1.833333 1.866667 1.900000 1.933333 1.966667 2.000000 2.033333 2.066667 2.100000
2.133333 2.166667 2.200000 2.233333 2.266667 2.300000 2.333333 2.366667 2.400000 2.433333 2.466667 2.500000 2.533333 2.566667 2.600000 2.633333
2.666667 2.700000 2.733333 2.766667 2.800000 2.833333 2.866667 2.900000 2.933333 2.966667 3.000000 3.033333 3.066667 3.100000 3.133333 3.166667
3.200000 3.233333 3.266667 3.300000 3.333333 3.366667 3.400000 3.433333 3.466667 3.500000 3.533333 3.566667 3.600000 3.633333 3.666667 3.700000
3.733333 3.766667 3.800000 3.833333 3.866667 3.900000 3.933333 3.966667 4.000000 4.033333 4.066667 4.100000 4.133333 4.166667 4.200000 4.233333
4.266667 4.300000 4.333333 4.366667 4.400000 4.433333 4.466667 4.500000 4.533333 4.566667 4.600000 4.633333 4.666667</float_array>
        <technique_common>
          <accessor source="#mixamorig_Spine-Matrix-animation-input-array" count="141">
            <param name="TIME" type="float"/>
          </accessor>
        </technique_common>
      </source>
      <source id="mixamorig_Spine-Matrix-animation-output-transform">
        <float_array id="mixamorig_Spine-Matrix-animation-output-transform-array" count="2256">

0.998860 0.022960 0.041857 0.072000 -0.024637 0.998896 0.040000 7.257300 -0.040892 -0.040986 0.998323 -0.789700 0.000000 0.000000 0.000000 1.000000
0.998834 0.023244 0.042323 0.072000 -0.024950 0.998879 0.040234 7.257300 -0.041341 -0.041243 0.998294 -0.789700 0.000000 0.000000 0.000000 1.000000
0.998799 0.023642 0.042910 0.072000 -0.025376 0.998864 0.040342 7.257300 -0.041908 -0.041382 0.998264 -0.789700 0.000000 0.000000 0.000000 1.000000
0.998772 0.024012 0.043327 0.072000 -0.025765 0.998853 0.040367 7.257300 -0.042308 -0.041434 0.998245 -0.789700 0.000000 0.000000 0.000000 1.000000
0.998758 0.024385 0.043442 0.072000 -0.026142 0.998843 0.040359 7.257300 -0.042408 -0.041445 0.998240 -0.789700 0.000000 0.000000 0.000000 1.000000
0.998748 0.024976 0.043350 0.072000 -0.026729 0.998829 0.040333 7.257300 -0.042292 -0.041442 0.998245 -0.789700 0.000000 0.000000 0.000000 1.000000
0.998727 0.025817 0.043345 0.072000 -0.027568 0.998807 0.040304 7.257300 -0.042253 -0.041447 0.998247 -0.789700 0.000000 0.000000 0.000000 1.000000
0.998690 0.026705 0.043637 0.072000 -0.028467 0.998783 0.040287 7.257300 -0.042508 -0.041477 0.998235 -0.789700 0.000000 0.000000 0.000000 1.000000
0.998652 0.027529 0.044010 0.072000 -0.029308 0.998758 0.040305 7.257300 -0.042846 -0.041540 0.998218 -0.789700 0.000000 0.000000 0.000000 1.000000
0.998637 0.028014 0.044042 0.072000 -0.029799 0.998739 0.040399 7.257300 -0.042855 -0.041657 0.998212 -0.789700 0.000000 0.000000 0.000000 1.000000
0.998659 0.027401 0.043932 0.072000 -0.029197 0.998742 0.040769 7.257300 -0.042759 -0.041997 0.998202 -0.789700 0.000000 0.000000 0.000000 1.000000
0.998681 0.026557 0.043937 0.072000 -0.028360 0.998759 0.040944 7.257300 -0.042795 -0.042136 0.998195 -0.789700 0.000000 0.000000 0.000000 1.000000
0.998645 0.027108 0.044412 0.072000 -0.028906 0.998767 0.040354 7.257300 -0.043263 -0.041583 0.998198 -0.789700 0.000000 0.000000 0.000000 1.000000
0.998581 0.027950 0.045321 0.072000 -0.029757 0.998769 0.039697 7.257300 -0.044155 -0.040989 0.998183 -0.789700 0.000000 0.000000 0.000000 1.000000
0.998557 0.027043 0.046407 0.072000 -0.028915 0.998775 0.040158 7.257300 -0.045264 -0.041442 0.998115 -0.789700 0.000000 0.000000 0.000000 1.000000
0.998599 0.023104 0.047610 0.072000 -0.025110 0.998803 0.041978 7.257300 -0.046583 -0.043115 0.997984 -0.789700 0.000000 0.000000 0.000000 1.000000
0.998650 0.017458 0.048930 0.072000 -0.019594 0.998860 0.043520 7.257300 -0.048114 -0.044420 0.997854 -0.789700 0.000000 0.000000 0.000000 1.000000
0.998687 0.012581 0.049651 0.072000 -0.014702 0.998984 0.042596 7.257300 -0.049065 -0.043270 0.997858 -0.789700 0.000000 0.000000 0.000000 1.000000
0.998782 0.007370 0.048778 0.072000 -0.009322 0.999160 0.039909 7.257300 -0.048443 -0.040315 0.998012 -0.789700 0.000000 0.000000 0.000000 1.000000
0.998861 0.000176 0.047722 0.072000 -0.002047 0.999231 0.039148 7.257300 -0.047678 -0.039201 0.998093 -0.789700 0.000000 0.000000 0.000000 1.000000
0.998625 -0.006888 0.051976 0.072000 0.004645 0.999057 0.043159 7.257300 -0.052224 -0.042858 0.997715 -0.789700 0.000000 0.000000 0.000000 1.000000
0.997831 -0.002044 0.065798 0.072000 -0.001304 0.998708 0.050795 7.257300 -0.065816 -0.050771 0.996539 -0.789700 0.000000 0.000000 0.000000 1.000000
0.996385 0.009804 0.084381 0.072000 -0.014875 0.998107 0.059677 7.257300 -0.083636 -0.060716 0.994645 -0.789700 0.000000 0.000000 0.000000 1.000000
0.994947 0.016159 0.099092 0.072000 -0.022994 0.997405 0.068230 7.257300 -0.097732 -0.070164 0.992736 -0.789700 0.000000 0.000000 0.000000 1.000000
0.994216 0.011264 0.106808 0.072000 -0.019438 0.996934 0.075800 7.257300 -0.105627 -0.077437 0.991386 -0.789700 0.000000 0.000000 0.000000 1.000000
0.993746 0.001333 0.111653 0.072000 -0.010571 0.996561 0.082187 7.257300 -0.111160 -0.082853 0.990343 -0.789700 0.000000 0.000000 0.000000 1.000000
0.992962 -0.003624 0.118380 0.072000 -0.006854 0.996098 0.087990 7.257300 -0.118236 -0.088182 0.989062 -0.789700 0.000000 0.000000 0.000000 1.000000
0.992060 -0.003346 0.125723 0.072000 -0.008535 0.995550 0.093845 7.257300 -0.125477 -0.094173 0.987617 -0.789700 0.000000 0.000000 0.000000 1.000000
0.991348 -0.001552 0.131253 0.072000 -0.011516 0.995046 0.098742 7.257300 -0.130756 -0.099399 0.986419 -0.789700 0.000000 0.000000 0.000000 1.000000
0.991244 -0.000476 0.132039 0.072000 -0.013037 0.994754 0.101462 7.257300 -0.131395 -0.102295 0.986038 -0.789700 0.000000 0.000000 0.000000 1.000000
0.992130 0.001980 0.125196 0.072000 -0.014821 0.994702 0.101722 7.257300 -0.124331 -0.102777 0.986904 -0.789700 0.000000 0.000000 0.000000 1.000000
0.993823 0.007912 0.110690 0.072000 -0.019095 0.994771 0.100333 7.257300 -0.109318 -0.101827 0.988778 -0.789700 0.000000 0.000000 0.000000 1.000000
0.995495 0.016531 0.093365 0.072000 -0.025685 0.994883 0.097711 7.257300 -0.091272 -0.099669 0.990826 -0.789700 0.000000 0.000000 0.000000 1.000000
0.996684 0.022977 0.078054 0.072000 -0.030247 0.995182 0.093266 7.257300 -0.075535 -0.095318 0.992577 -0.789700 0.000000 0.000000 0.000000 1.000000
0.997534 0.022438 0.066507 0.072000 -0.028276 0.995702 0.088188 7.257300 -0.064243 -0.089851 0.993881 -0.789700 0.000000 0.000000 0.000000 1.000000
0.998154 0.015308 0.058778 0.072000 -0.020394 0.996006 0.086927 7.257300 -0.057212 -0.087966 0.994479 -0.789700 0.000000 0.000000 0.000000 1.000000
0.998452 0.007782 0.055075 0.072000 -0.012728 0.995857 0.090041 7.257300 -0.054146 -0.090603 0.994414 -0.789700 0.000000 0.000000 0.000000 1.000000
0.998559 0.001784 0.053635 0.072000 -0.006691 0.995787 0.091448 7.257300 -0.053246 -0.091675 0.994364 -0.789700 0.000000 0.000000 0.000000 1.000000
0.998759 -0.005150 0.049546 0.072000 0.000789 0.996153 0.087630 7.257300 -0.049807 -0.087482 0.994920 -0.789700 0.000000 0.000000 0.000000 1.000000
0.999180 -0.008397 0.039617 0.072000 0.005111 0.996593 0.082321 7.257300 -0.040173 -0.082051 0.995818 -0.789700 0.000000 0.000000 0.000000 1.000000
0.999651 0.001126 0.026384 0.072000 -0.003230 0.996802 0.079848 7.257300 -0.026210 -0.079905 0.996458 -0.789700 0.000000 0.000000 0.000000 1.000000
0.999785 0.018371 0.009663 0.072000 -0.019082 0.996650 0.079526 7.257300 -0.008169 -0.079693 0.996786 -0.789700 0.000000 0.000000 0.000000 1.000000
0.999705 0.022532 -0.009111 0.072000 -0.021749 0.996682 0.078432 7.257300 0.010848 -0.078210 0.996878 -0.789700 0.000000 0.000000 0.000000 1.000000
0.999591 0.019090 -0.021316 0.072000 -0.017359 0.996751 0.078651 7.257300 0.022748 -0.078249 0.996674 -0.789700 0.000000 0.000000 0.000000 1.000000
0.999549 0.015915 -0.025483 0.072000 -0.013686 0.996258 0.085340 7.257300 0.026746 -0.084953 0.996026 -0.789700 0.000000 0.000000 0.000000 1.000000
0.999623 0.014026 -0.023623 0.072000 -0.011667 0.995196 0.097204 7.257300 0.024873 -0.096891 0.994984 -0.789700 0.000000 0.000000 0.000000 1.000000
0.999776 0.011511 -0.017775 0.072000 -0.009532 0.994142 0.107661 7.257300 0.018910 -0.107468 0.994029 -0.789700 0.000000 0.000000 0.000000 1.000000
0.999869 0.014037 -0.008116 0.072000 -0.013052 0.993766 0.110716 7.257300 0.009620 -0.110596 0.993819 -0.789700 0.000000 0.000000 0.000000 1.000000
0.999891 0.014756 -0.000195 0.072000 -0.014655 0.994385 0.104805 7.257300 0.001740 -0.104791 0.994493 -0.789700 0.000000 0.000000 0.000000 1.000000
0.999903 0.013148 0.004663 0.072000 -0.013528 0.995500 0.093794 7.257300 -0.003409 -0.093848 0.995581 -0.789700 0.000000 0.000000 0.000000 1.000000
0.999886 0.012133 0.008946 0.072000 -0.012827 0.996534 0.082186 7.257300 -0.007917 -0.082291 0.996577 -0.789700 0.000000 0.000000 0.000000 1.000000
0.999780 0.014965 0.014718 0.072000 -0.015986 0.997283 0.071914 7.257300 -0.013602 -0.072133 0.997302 -0.789700 0.000000 0.000000 0.000000 1.000000
0.999598 0.019226 0.020818 0.072000 -0.020524 0.997735 0.064065 7.257300 -0.019539 -0.064467 0.997729 -0.789700 0.000000 0.000000 0.000000 1.000000
0.999485 0.017205 0.027079 0.072000 -0.018795 0.998045 0.059600 7.257300 -0.026001 -0.060078 0.997855 -0.789700 0.000000 0.000000 0.000000 1.000000
0.999312 0.008411 0.036113 0.072000 -0.010498 0.998261 0.057999 7.257300 -0.035563 -0.058338 0.997663 -0.789700 0.000000 0.000000 0.000000 1.000000
0.998863 -0.000793 0.047656 0.072000 -0.002011 0.998270 0.058755 7.257300 -0.047620 -0.058785 0.997134 -0.789700 0.000000 0.000000 0.000000 1.000000
0.998285 -0.005885 0.058251 0.072000 0.002281 0.998089 0.061747 7.257300 -0.058503 -0.061508 0.996391 -0.789700 0.000000 0.000000 0.000000 1.000000
0.997726 -0.006171 0.067112 0.072000 0.001773 0.997858 0.065395 7.257300 -0.067371 -0.065127 0.995600 -0.789700 0.000000 0.000000 0.000000 1.000000
0.997059 -0.001327 0.076625 0.072000 -0.003814 0.997752 0.066909 7.257300 -0.076541 -0.067005 0.994812 -0.789700 0.000000 0.000000 0.000000 1.000000
0.996199 0.001454 0.087099 0.072000 -0.007237 0.997786 0.066117 7.257300 -0.086810 -0.066496 0.994003 -0.789700 0.000000 0.000000 0.000000 1.000000
0.995304 -0.001899 0.096781 0.072000 -0.004467 0.997841 0.065519 7.257300 -0.096697 -0.065643 0.993147 -0.789700 0.000000 0.000000 0.000000 1.000000
0.994683 -0.008312 0.102645 0.072000 0.001422 0.997751 0.067009 7.257300 -0.102971 -0.066506 0.992459 -0.789700 0.000000 0.000000 0.000000 1.000000
0.994462 -0.010097 0.104608 0.072000 0.002915 0.997642 0.068578 7.257300 -0.105053 -0.067893 0.992146 -0.789700 0.000000 0.000000 0.000000 1.000000
0.994194 -0.005277 0.107477 0.072000 -0.002091 0.997661 0.068328 7.257300 -0.107586 -0.068156 0.991857 -0.789700 0.000000 0.000000 0.000000 1.000000
0.993019 -0.000426 0.117958 0.072000 -0.007619 0.997674 0.067746 7.257300 -0.117712 -0.068172 0.990705 -0.789700 0.000000 0.000000 0.000000 1.000000
0.990690 -0.001102 0.136134 0.072000 -0.008448 0.997542 0.069556 7.257300 -0.135876 -0.070058 0.988246 -0.789700 0.000000 0.000000 0.000000 1.000000
0.988375 -0.005944 0.151918 0.072000 -0.005535 0.997166 0.075028 7.257300 -0.151934 -0.074997 0.985541 -0.789700 0.000000 0.000000 0.000000 1.000000
0.987862 -0.010167 0.155000 0.072000 -0.002638 0.996614 0.082184 7.257300 -0.155311 -0.081595 0.984490 -0.789700 0.000000 0.000000 0.000000 1.000000
0.989112 -0.009821 0.146835 0.072000 -0.003123 0.996145 0.087664 7.257300 -0.147130 -0.087168 0.985269 -0.789700 0.000000 0.000000 0.000000 1.000000
0.990411 -0.001795 0.138138 0.072000 -0.010892 0.995788 0.091033 7.257300 -0.137720 -0.091664 0.986221 -0.789700 0.000000 0.000000 0.000000 1.000000
0.990617 0.010441 0.136269 0.072000 -0.023571 0.995189 0.095097 7.257300 -0.134620 -0.097417 0.986097 -0.789700 0.000000 0.000000 0.000000 1.000000
0.989812 0.020333 0.140923 0.072000 -0.034460 0.994536 0.098541 7.257300 -0.138149 -0.102394 0.985104 -0.789700 0.000000 0.000000 0.000000 1.000000
0.988547 0.025910 0.148671 0.072000 -0.040590 0.994498 0.096573 7.257300 -0.145351 -0.101502 0.984160 -0.789700 0.000000 0.000000 0.000000 1.000000
0.987386 0.027853 0.155861 0.072000 -0.042053 0.995183 0.088560 7.257300 -0.152643 -0.093998 0.983801 -0.789700 0.000000 0.000000 0.000000 1.000000
0.986958 0.027645 0.158587 0.072000 -0.040547 0.996073 0.078708 7.257300 -0.155788 -0.084111 0.984203 -0.789700 0.000000 0.000000 0.000000 1.000000
0.987681 0.028496 0.153864 0.072000 -0.039822 0.996678 0.071037 7.257300 -0.151328 -0.076289 0.985535 -0.789700 0.000000 0.000000 0.000000 1.000000
0.989602 0.032091 0.140208 0.072000 -0.041877 0.996846 0.067411 7.257300 -0.137602 -0.072582 0.987825 -0.789700 0.000000 0.000000 0.000000 1.000000
0.991410 0.052748 0.119681 0.072000 -0.061417 0.995659 0.069937 7.257300 -0.115472 -0.076687 0.990346 -0.789700 0.000000 0.000000 0.000000 1.000000
0.990754 0.095449 0.096415 0.072000 -0.103056 0.991670 0.077266 7.257300 -0.088237 -0.086488 0.992338 -0.789700 0.000000 0.000000 0.000000 1.000000
0.985304 0.154784 0.072235 0.072000 -0.160444 0.983756 0.080512 7.257300 -0.058600 -0.090919 0.994133 -0.789700 0.000000 0.000000 0.000000 1.000000
0.974469 0.220045 0.044615 0.072000 -0.222829 0.972194 0.072020 7.257300 -0.027526 -0.080122 0.996405 -0.789700 0.000000 0.000000 0.000000 1.000000
0.962220 0.271778 0.016393 0.072000 -0.272259 0.961010 0.048312 7.257300 -0.002624 -0.050950 0.998698 -0.789700 0.000000 0.000000 0.000000 1.000000
0.955629 0.294529 -0.005102 0.072000 -0.294436 0.955568 0.014017 7.257300 0.009003 -0.011893 0.999889 -0.789700 0.000000 0.000000 0.000000 1.000000
0.958754 0.283636 -0.018457 0.072000 -0.283863 0.958801 -0.011103 7.257300 0.014548 0.015884 0.999768 -0.789700 0.000000 0.000000 0.000000 1.000000
