<?xml version="1.0" encoding="utf-8"?>
<COLLADA xmlns="http://www.collada.org/2005/11/COLLADASchema" version="1.4.1">
  <asset>
    <contributor>
      <author>Mixamo</author>
      <authoring_tool>COLLADA Mixamo exporter</authoring_tool>
      <comments/>
    </contributor>
    <created>2024-03-07T08:17:31Z</created>
    <modified>2024-03-07T08:17:31Z</modified>
    <revision/>
    <title/>
    <unit meter="0.010000"/>
    <up_axis>Y_UP</up_axis>
  </asset>
  <library_animations>
    <animation id="mixamorig_Hips-anim" name="mixamorig_Hips">
      <source id="mixamorig_Hips-Matrix-animation-input">
        <float_array id="mixamorig_Hips-Matrix-animation-input-array" count="49">

0.000000 0.033333 0.066667 0.100000 0.133333 0.166667 0.200000 0.233333 0.266667 0.300000 0.333333 0.366667 0.400000 0.433333 0.466667 0.500000
0.533333 0.566667 0.600000 0.633333 0.666667 0.700000 0.733333 0.766667 0.800000 0.833333 0.866667 0.900000 0.933333 0.966667 1.000000 1.033333
1.066667 1.100000 1.133333 1.166667 1.200000 1.233333 1.266667 1.300000 1.333333 1.366667 1.400000 1.433333 1.466667 1.500000 1.533333 1.566667
1.600000</float_array>
        <technique_common>
          <accessor source="#mixamorig_Hips-Matrix-animation-input-array" count="49">
            <param name="TIME" type="float"/>
          </accessor>
        </technique_common>
      </source>
      <source id="mixamorig_Hips-Matrix-animation-output-transform">
        <float_array id="mixamorig_Hips-Matrix-animation-output-transform-array" count="784">

0.811814 -0.033441 -0.582958 -0.792583 -0.050817 0.990525 -0.127588 102.636520 0.581701 0.133202 0.802422 0.904562 0.000000 0.000000 0.000000 1.000000
0.820748 -0.038254 -0.570008 -1.029556 -0.048643 0.989453 -0.136444 102.828491 0.569216 0.139713 0.810231 1.109610 0.000000 0.000000 0.000000 1.000000
0.829371 -0.043930 -0.556969 -1.349856 -0.046162 0.988107 -0.146674 102.991493 0.556789 0.147358 0.817479 1.293033 0.000000 0.000000 0.000000 1.000000
0.840338 -0.047909 -0.539942 -1.750046 -0.043714 0.986853 -0.155599 103.184097 0.540298 0.154359 0.827195 1.517740 0.000000 0.000000 0.000000 1.000000
0.859009 -0.044861 -0.509992 -2.297949 -0.042150 0.986575 -0.157778 103.378998 0.510223 0.157029 0.845585 1.985870 0.000000 0.000000 0.000000 1.000000
0.887657 -0.029098 -0.459586 -3.038637 -0.044568 0.987889 -0.148627 103.370941 0.458344 0.152412 0.875609 3.055687 0.000000 0.000000 0.000000 1.000000
0.918586 -0.001464 -0.395218 -3.970057 -0.054060 0.990129 -0.129317 103.104477 0.391506 0.140154 0.909439 4.908245 0.000000 0.000000 0.000000 1.000000
0.938948 0.032206 -0.342550 -4.921646 -0.072228 0.991875 -0.104728 102.465912 0.336393 0.123076 0.933644 7.453457 0.000000 0.000000 0.000000 1.000000
0.943103 0.068250 -0.325421 -5.684519 -0.097396 0.992482 -0.074113 101.432808 0.317917 0.101591 0.942660 10.334286 0.000000 0.000000 0.000000 1.000000
0.937114 0.105530 -0.332687 -6.272005 -0.121406 0.992229 -0.027238 100.088425 0.327227 0.065915 0.942644 13.087068 0.000000 0.000000 0.000000 1.000000
0.937427 0.154275 -0.312139 -6.971523 -0.148822 0.987998 0.041372 99.716690 0.314775 0.007670 0.949135 16.199303 0.000000 0.000000 0.000000 1.000000
0.956004 0.205614 -0.209235 -7.728295 -0.185513 0.976266 0.111755 101.265404 0.227247 -0.068022 0.971459 19.754101 0.000000 0.000000 0.000000 1.000000
0.968352 0.249583 -0.001798 -8.123646 -0.246831 0.958692 0.141362 104.620987 0.037006 -0.136444 0.989956 23.476532 0.000000 0.000000 0.000000 1.000000
0.914186 0.291123 0.281979 -8.398554 -0.328055 0.940068 0.093016 108.915039 -0.238001 -0.177539 0.954901 27.100788 0.000000 0.000000 0.000000 1.000000
0.749318 0.356870 0.557823 -9.476261 -0.407114 0.912628 -0.036987 112.244080 -0.522285 -0.199383 0.829135 31.261045 0.000000 0.000000 0.000000 1.000000
0.505383 0.455932 0.732608 -11.329293 -0.466921 0.858471 -0.212160 114.300102 -0.725653 -0.234848 0.646741 37.979385 0.000000 0.000000 0.000000 1.000000
0.272794 0.560764 0.781746 -12.040365 -0.518194 0.770267 -0.371703 116.413116 -0.810591 -0.303698 0.500709 47.561462 0.000000 0.000000 0.000000 1.000000
0.116812 0.637099 0.761879 -9.953257 -0.575065 0.668836 -0.471124 119.102402 -0.809725 -0.383097 0.444502 55.777718 0.000000 0.000000 0.000000 1.000000
0.040055 0.681019 0.731169 -7.033371 -0.635105 0.582272 -0.507543 120.350037 -0.771386 -0.444040 0.455842 58.773533 0.000000 0.000000 0.000000 1.000000
0.010746 0.703311 0.710801 -6.028073 -0.691403 0.518761 -0.502842 120.289001 -0.722390 -0.486046 0.491845 55.331604 0.000000 0.000000 0.000000 1.000000
-0.010119 0.709714 0.704418 -6.379110 -0.724649 0.480220 -0.494239 119.519829 -0.689044 -0.515457 0.509434 53.850376 0.000000 0.000000 0.000000 1.000000
-0.042363 0.701997 0.710919 -6.620808 -0.732336 0.462209 -0.500047 118.928825 -0.679625 -0.541815 0.494517 55.563606 0.000000 0.000000 0.000000 1.000000
-0.073121 0.684240 0.725582 -6.788680 -0.714754 0.471433 -0.516602 117.801933 -0.695543 -0.556387 0.454592 60.347679 0.000000 0.000000 0.000000 1.000000
-0.085316 0.661301 0.745253 -7.582201 -0.692661 0.498297 -0.521460 115.574654 -0.716200 -0.560697 0.415545 62.214409 0.000000 0.000000 0.000000 1.000000
-0.078936 0.636849 0.766937 -8.166713 -0.668437 0.536946 -0.514666 112.225266 -0.739568 -0.553275 0.383309 61.340538 0.000000 0.000000 0.000000 1.000000
-0.055695 0.610216 0.790275 -8.093632 -0.651615 0.577491 -0.491836 108.041512 -0.756503 -0.542347 0.365463 57.488297 0.000000 0.000000 0.000000 1.000000
-0.015299 0.577924 0.815947 -7.151968 -0.645203 0.617708 -0.449611 104.992996 -0.763858 -0.533330 0.363428 51.999565 0.000000 0.000000 0.000000 1.000000
0.056683 0.536442 0.842031 -6.015615 -0.638781 0.667658 -0.382351 103.358749 -0.767298 -0.516200 0.380514 46.953735 0.000000 0.000000 0.000000 1.000000
0.173960 0.483385 0.857949 -4.903206 -0.616501 0.732834 -0.287890 102.492249 -0.767896 -0.478846 0.425491 42.521156 0.000000 0.000000 0.000000 1.000000
0.336272 0.418641 0.843600 -3.924572 -0.566263 0.805632 -0.174078 101.775940 -0.752508 -0.419162 0.507972 38.156189 0.000000 0.000000 0.000000 1.000000
0.517679 0.346534 0.782255 -3.049337 -0.487289 0.870940 -0.063343 100.971596 -0.703248 -0.348393 0.619730 33.607613 0.000000 0.000000 0.000000 1.000000
0.680237 0.276244 0.678945 -2.210852 -0.393706 0.919007 0.020537 100.234131 -0.618282 -0.281275 0.733902 28.923149 0.000000 0.000000 0.000000 1.000000
0.801436 0.217471 0.557142 -1.332048 -0.305084 0.949889 0.068083 99.850128 -0.514416 -0.224539 0.827622 24.349710 0.000000 0.000000 0.000000 1.000000
0.883163 0.173998 0.435601 -0.445265 -0.232838 0.968785 0.085094 99.961998 -0.407197 -0.176577 0.896109 20.204777 0.000000 0.000000 0.000000 1.000000
0.937093 0.143886 0.318046 0.314905 -0.178907 0.980305 0.083634 100.404999 -0.299749 -0.135273 0.944379 16.737236 0.000000 0.000000 0.000000 1.000000
0.972054 0.122354 0.200352 0.741994 -0.139401 0.987522 0.073260 100.887970 -0.188889 -0.099142 0.976981 14.009117 0.000000 0.000000 0.000000 1.000000
0.991139 0.105444 0.080773 0.757777 -0.110159 0.992317 0.056317 101.071091 -0.074215 -0.064715 0.995140 11.768859 0.000000 0.000000 0.000000 1.000000
0.995320 0.089237 -0.037071 0.438501 -0.088121 0.995636 0.030712 100.796707 0.039650 -0.027301 0.998841 9.651860 0.000000 0.000000 0.000000 1.000000
0.986532 0.069796 -0.147927 -0.044119 -0.070950 0.997477 -0.002530 100.144363 0.147377 0.012992 0.988995 7.414672 0.000000 0.000000 0.000000 1.000000
0.967356 0.047043 -0.249017 -0.516596 -0.057656 0.997705 -0.035496 99.441597 0.246775 0.048695 0.967849 5.087839 0.000000 0.000000 0.000000 1.000000
0.939444 0.027983 -0.341557 -0.853986 -0.050882 0.997004 -0.058266 99.214790 0.338903 0.072117 0.938053 3.105731 0.000000 0.000000 0.000000 1.000000
0.903705 0.017035 -0.427816 -1.063008 -0.050783 0.996420 -0.067596 99.601028 0.425133 0.082813 0.901335 1.758845 0.000000 0.000000 0.000000 1.000000
0.863475 0.012015 -0.504248 -1.215834 -0.054557 0.996076 -0.069690 100.309830 0.501432 0.087685 0.860742 1.039154 0.000000 0.000000 0.000000 1.000000
0.827225 0.006533 -0.561833 -1.311366 -0.057987 0.995586 -0.073801 100.980362 0.558871 0.093629 0.823952 0.700667 0.000000 0.000000 0.000000 1.000000
0.804134 -0.002333 -0.594443 -1.288858 -0.059084 0.994727 -0.083830 101.435364 0.591504 0.102533 0.799756 0.553590 0.000000 0.000000 0.000000 1.000000
0.796490 -0.012658 -0.604519 -1.132758 -0.057797 0.993609 -0.096957 101.729271 0.601883 0.112165 0.790668 0.520127 0.000000 0.000000 0.000000 1.000000
0.799097 -0.021389 -0.600822 -0.928405 -0.055380 0.992499 -0.108988 102.000580 0.598646 0.120365 0.791918 0.588004 0.000000 0.000000 0.000000 1.000000
0.805425 -0.027871 -0.592041 -0.792676 -0.052983 0.991509 -0.118756 102.309433 0.590324 0.127017 0.797110 0.731353 0.000000 0.000000 0.000000 1.000000
0.811902 -0.033366 -0.582839 -0.793947 -0.050839 0.990532 -0.127524 102.636360 0.581576 0.133168 0.802519 0.908335 0.000000 0.000000 0.000000 1.000000</float_array>
        <technique_common>
          <accessor source="#mixamorig_Hips-Matrix-animation-output-transform-array" count="49" stride="16">
            <param type="float4x4"/>
          </accessor>
        </technique_common>
      </source>
      <source id="mixamorig_Hips-Interpolations">
        <Name_array id="mixamorig_Hips-Interpolations-array" count="49">
 LINEAR LINEAR LINEAR LINEAR LINEAR LINEAR LINEAR LINEAR LINEAR LINEAR LINEAR
LINEAR LINEAR LINEAR LINEAR LINEAR LINEAR LINEAR LINEAR LINEAR LINEAR LINEAR LINEAR
LINEAR LINEAR LINEAR LINEAR LINEAR LINEAR LINEAR LINEAR LINEAR LINEAR LINEAR LINEAR
LINEAR LINEAR LINEAR LINEAR LINEAR LINEAR LINEAR LINEAR LINEAR LINEAR LINEAR LINEAR
LINEAR LINEAR</Name_array>
        <technique_common>
          <accessor source="#mixamorig_Hips-Interpolations-array" count="49">
            <param type="name"/>
          </accessor>
        </technique_common>
      </source>
      <sampler id="mixamorig_Hips-Matrix-animation-transform">
        <input semantic="INPUT" source="#mixamorig_Hips-Matrix-animation-input"/>
        <input semantic="OUTPUT" source="#mixamorig_Hips-Matrix-animation-output-transform"/>
        <input semantic="INTERPOLATION" source="#mixamorig_Hips-Interpolations"/>
      </sampler>
      <channel source="#mixamorig_Hips-Matrix-animation-transform" target="mixamorig_Hips/matrix"/>
    </animation>
    <animation id="mixamorig_Spine-anim" name="mixamorig_Spine">
      <source id="mixamorig_Spine-Matrix-animation-input">
        <float_array id="mixamorig_Spine-Matrix-animation-input-array" count="49">

0.000000 0.033333 0.066667 0.100000 0.133333 0.166667 0.200000 0.233333 0.266667 0.300000 0.333333 0.366667 0.400000 0.433333 0.466667 0.500000
0.533333 0.566667 0.600000 0.633333 0.666667 0.700000 0.733333 0.766667 0.800000 0.833333 0.866667 0.900000 0.933333 0.966667 1.000000 1.033333
1.066667 1.100000 1.133333 1.166667 1.200000 1.233333 1.266667 1.300000 1.333333 1.366667 1.400000 1.433333 1.466667 1.500000 1.533333 1.566667
1.600000</float_array>
        <technique_common>
          <accessor source="#mixamorig_Spine-Matrix-animation-input-array" count="49">
            <param name="TIME" type="float"/>
          </accessor>
        </technique_common>
      </source>
      <source id="mixamorig_Spine-Matrix-animation-output-transform">
        <float_array id="mixamorig_Spine-Matrix-animation-output-transform-array" count="784">

0.993988 -0.083273 0.071091 0.072000 0.081848 0.996386 0.022728 7.257300 -0.072727 -0.016773 0.997211 -0.789700 0.000000 0.000000 0.000000 1.000000
0.994436 -0.080394 0.068067 0.072000 0.078936 0.996594 0.023848 7.257300 -0.069752 -0.018342 0.997396 -0.789700 0.000000 0.000000 0.000000 1.000000
0.995219 -0.074914 0.062661 0.072000 0.073464 0.996981 0.025125 7.257300 -0.064354 -0.020402 0.997719 -0.789700 0.000000 0.000000 0.000000 1.000000
0.996100 -0.068174 0.056015 0.072000 0.066780 0.997418 0.026405 7.257300 -0.057671 -0.022562 0.998081 -0.789700 0.000000 0.000000 0.000000 1.000000
0.996746 -0.062718 0.050642 0.072000 0.061353 0.997721 0.028076 7.257300 -0.052288 -0.024877 0.998322 -0.789700 0.000000 0.000000 0.000000 1.000000
0.996878 -0.061256 0.049823 0.072000 0.059727 0.997714 0.031621 7.257300 -0.051646 -0.028546 0.998257 -0.789700 0.000000 0.000000 0.000000 1.000000
0.996547 -0.061916 0.055320 0.072000 0.059812 0.997451 0.038920 7.257300 -0.057589 -0.035477 0.997710 -0.789700 0.000000 0.000000 0.000000 1.000000
0.995894 -0.060323 0.067496 0.072000 0.056991 0.997110 0.050241 7.257300 -0.070331 -0.046188 0.996454 -0.789700 0.000000 0.000000 0.000000 1.000000
0.994902 -0.052921 0.085851 0.072000 0.047618 0.996897 0.062683 7.257300 -0.088902 -0.058276 0.994334 -0.789700 0.000000 0.000000 0.000000 1.000000
0.993565 -0.034580 0.107859 0.072000 0.026964 0.997092 0.071281 7.257300 -0.110010 -0.067914 0.991607 -0.789700 0.000000 0.000000 0.000000 1.000000
0.992135 -0.014040 0.124386 0.072000 0.004796 0.997224 0.074307 7.257300 -0.125084 -0.073126 0.989448 -0.789700 0.000000 0.000000 0.000000 1.000000
0.991635 0.009397 0.128731 0.072000 -0.018914 0.997160 0.072902 7.257300 -0.127680 -0.074727 0.988996 -0.789700 0.000000 0.000000 0.000000 1.000000
0.992539 0.035446 0.116663 0.072000 -0.043742 0.996634 0.069334 7.257300 -0.113813 -0.073919 0.990749 -0.789700 0.000000 0.000000 0.000000 1.000000
0.994357 0.064182 0.084472 0.072000 -0.069732 0.995480 0.064480 7.257300 -0.079952 -0.070007 0.994337 -0.789700 0.000000 0.000000 0.000000 1.000000
0.995995 0.082515 0.034431 0.072000 -0.084457 0.994655 0.059402 7.257300 -0.029345 -0.062072 0.997640 -0.789700 0.000000 0.000000 0.000000 1.000000
0.996972 0.074380 -0.022689 0.072000 -0.073051 0.995830 0.054651 7.257300 0.026659 -0.052828 0.998248 -0.789700 0.000000 0.000000 0.000000 1.000000
0.997247 0.032863 -0.066478 0.072000 -0.029653 0.998373 0.048704 7.257300 0.067970 -0.046599 0.996598 -0.789700 0.000000 0.000000 0.000000 1.000000
0.996005 -0.021562 -0.086651 0.072000 0.025106 0.998884 0.040018 7.257300 0.085691 -0.042034 0.995435 -0.789700 0.000000 0.000000 0.000000 1.000000
0.994214 -0.061680 -0.087949 0.072000 0.064492 0.997482 0.029494 7.257300 0.085908 -0.034995 0.995688 -0.789700 0.000000 0.000000 0.000000 1.000000
0.993988 -0.081913 -0.072652 0.072000 0.083493 0.996328 0.018969 7.257300 0.070831 -0.024921 0.997177 -0.789700 0.000000 0.000000 0.000000 1.000000
0.994995 -0.080308 -0.059461 0.072000 0.081136 0.996635 0.011641 7.257300 0.058326 -0.016408 0.998163 -0.789700 0.000000 0.000000 0.000000 1.000000
0.996132 -0.067165 -0.056648 0.072000 0.067785 0.997659 0.009092 7.257300 0.055904 -0.012896 0.998353 -0.789700 0.000000 0.000000 0.000000 1.000000
0.997282 -0.038269 -0.062962 0.072000 0.039065 0.999171 0.011463 7.257300 0.062472 -0.013892 0.997950 -0.789700 0.000000 0.000000 0.000000 1.000000
0.998116 -0.008281 -0.060798 0.072000 0.009250 0.999834 0.015674 7.257300 0.060658 -0.016207 0.998027 -0.789700 0.000000 0.000000 0.000000 1.000000
0.998023 0.019765 -0.059664 0.072000 -0.018603 0.999628 0.019967 7.257300 0.060037 -0.018818 0.998019 -0.789700 0.000000 0.000000 0.000000 1.000000
0.997659 0.038094 -0.056788 0.072000 -0.036785 0.999037 0.023930 7.257300 0.057645 -0.021785 0.998099 -0.789700 0.000000 0.000000 0.000000 1.000000
0.997780 0.043081 -0.050792 0.072000 -0.041701 0.998740 0.027920 7.257300 0.051930 -0.025740 0.998319 -0.789700 0.000000 0.000000 0.000000 1.000000
0.998247 0.043184 -0.040477 0.072000 -0.041892 0.998602 0.032241 7.257300 0.041813 -0.030489 0.998660 -0.789700 0.000000 0.000000 0.000000 1.000000
0.998659 0.044250 -0.026854 0.072000 -0.043247 0.998384 0.036869 7.257300 0.028443 -0.035658 0.998959 -0.789700 0.000000 0.000000 0.000000 1.000000
0.998910 0.045622 -0.009847 0.072000 -0.045176 0.998115 0.041538 7.257300 0.011724 -0.041048 0.999088 -0.789700 0.000000 0.000000 0.000000 1.000000
0.999030 0.043261 0.008177 0.072000 -0.043591 0.997999 0.045802 7.257300 -0.006179 -0.046114 0.998917 -0.789700 0.000000 0.000000 0.000000 1.000000
0.999121 0.034571 0.023698 0.072000 -0.035706 0.998146 0.049286 7.257300 -0.021950 -0.050089 0.998504 -0.789700 0.000000 0.000000 0.000000 1.000000
0.999186 0.019753 0.035169 0.072000 -0.021567 0.998415 0.051989 7.257300 -0.034086 -0.052705 0.998028 -0.789700 0.000000 0.000000 0.000000 1.000000
0.999023 0.001524 0.044158 0.072000 -0.003920 0.998521 0.054229 7.257300 -0.044010 -0.054349 0.997552 -0.789700 0.000000 0.000000 0.000000 1.000000
0.998473 -0.017753 0.052311 0.072000 0.014801 0.998305 0.056288 7.257300 -0.053221 -0.055427 0.997043 -0.789700 0.000000 0.000000 0.000000 1.000000
0.997540 -0.035872 0.060218 0.072000 0.032382 0.997793 0.057966 7.257300 -0.062165 -0.055874 0.996501 -0.789700 0.000000 0.000000 0.000000 1.000000
0.996385 -0.051776 0.067351 0.072000 0.047850 0.997131 0.058653 7.257300 -0.070195 -0.055218 0.996004 -0.789700 0.000000 0.000000 0.000000 1.000000
0.995287 -0.064158 0.072711 0.072000 0.060034 0.996536 0.057551 7.257300 -0.076152 -0.052915 0.995691 -0.789700 0.000000 0.000000 0.000000 1.000000
0.994632 -0.070708 0.075548 0.072000 0.066740 0.996318 0.053819 7.257300 -0.079075 -0.048488 0.995689 -0.789700 0.000000 0.000000 0.000000 1.000000
0.994691 -0.070422 0.075031 0.072000 0.067009 0.996641 0.047086 7.257300 -0.078095 -0.041808 0.996069 -0.789700 0.000000 0.000000 0.000000 1.000000
0.995181 -0.067675 0.070962 0.072000 0.065070 0.997142 0.038401 7.257300 -0.073358 -0.033598 0.996740 -0.789700 0.000000 0.000000 0.000000 1.000000
0.995643 -0.066266 0.065596 0.072000 0.064413 0.997473 0.029964 7.257300 -0.067416 -0.025608 0.997396 -0.789700 0.000000 0.000000 0.000000 1.000000
0.995818 -0.067554 0.061513 0.072000 0.066184 0.997518 0.024043 7.257300 -0.062985 -0.019871 0.997817 -0.789700 0.000000 0.000000 0.000000 1.000000
0.995736 -0.070176 0.059869 0.072000 0.069002 0.997386 0.021466 7.257300 -0.061219 -0.017243 0.997975 -0.789700 0.000000 0.000000 0.000000 1.000000
0.995455 -0.073299 0.060795 0.072000 0.072127 0.997169 0.021265 7.257300 -0.062182 -0.016784 0.997924 -0.789700 0.000000 0.000000 0.000000 1.000000
0.995005 -0.076788 0.063793 0.072000 0.075538 0.996905 0.021783 7.257300 -0.065269 -0.016855 0.997725 -0.789700 0.000000 0.000000 0.000000 1.000000
0.994478 -0.080300 0.067565 0.072000 0.078972 0.996632 0.022100 7.257300 -0.069112 -0.016642 0.997470 -0.789700 0.000000 0.000000 0.000000 1.000000
0.994075 -0.082801 0.070421 0.072000 0.081419 0.996431 0.022284 7.257300 -0.072015 -0.016418 0.997268 -0.789700 0.000000 0.000000 0.000000 1.000000
0.993986 -0.083283 0.071106 0.072000 0.081857 0.996385 0.022737 7.257300 -0.072743 -0.016779 0.997210 -0.789700 0.000000 0.000000 0.000000 1.000000</float_array>
        <technique_common>
          <accessor source="#mixamorig_Spine-Matrix-animation-output-transform-array" count="49" stride="16">
            <param type="float4x4"/>
          </accessor>
        </technique_common>
      </source>
      <source id="mixamorig_Spine-Interpolations">
        <Name_array id="mixamorig_Spine-Interpolations-array" count="49">
 LINEAR LINEAR LINEAR LINEAR LINEAR LINEAR LINEAR LINEAR LINEAR LINEAR LINEAR
LINEAR LINEAR LINEAR LINEAR LINEAR LINEAR LINEAR LINEAR LINEAR LINEAR LINEAR LINEAR
LINEAR LINEAR LINEAR LINEAR LINEAR LINEAR LINEAR LINEAR LINEAR LINEAR LINEAR LINEAR
LINEAR LINEAR LINEAR LINEAR LINEAR LINEAR LINEAR LINEAR LINEAR LINEAR LINEAR LINEAR
LINEAR LINEAR</Name_array>
        <technique_common>
          <accessor source="#mixamorig_Spine-Interpolations-array" count="49">
            <param type="name"/>
          </accessor>
        </technique_common>
      </source>
      <sampler id="mixamorig_Spine-Matrix-animation-transform">
        <input semantic="INPUT" source="#mixamorig_Spine-Matrix-animation-input"/>
        <input semantic="OUTPUT" source="#mixamorig_Spine-Matrix-animation-output-transform"/>
        <input semantic="INTERPOLATION" source="#mixamorig_Spine-Interpolations"/>
      </sampler>
      <channel source="#mixamorig_Spine-Matrix-animation-transform" target="mixamorig_Spine/matrix"/>
    </animation>
    <animation id="mixamorig_Spine1-anim" name="mixamorig_Spine1">
      <source id="mixamorig_Spine1-Matrix-animation-input">
        <float_array id="mixamorig_Spine1-Matrix-animation-input-array" count="49">

0.000000 0.033333 0.066667 0.100000 0.133333 0.166667 0.200000 0.233333 0.266667 0.300000 0.333333 0.366667 0.400000 0.433333 0.466667 0.500000
0.533333 0.566667 0.600000 0.633333 0.666667 0.700000 0.733333 0.766667 0.800000 0.833333 0.866667 0.900000 0.933333 0.966667 1.000000 1.033333
1.066667 1.100000 1.133333 1.166667 1.200000 1.233333 1.266667 1.300000 1.333333 1.366667 1.400000 1.433333 1.466667 1.500000 1.533333 1.566667
1.600000</float_array>
        <technique_common>
          <accessor source="#mixamorig_Spine1-Matrix-animation-input-array" count="49">
            <param name="TIME" type="float"/>
          </accessor>
        </technique_common>
      </source>
      <source id="mixamorig_Spine1-Matrix-animation-output-transform">
        <float_array id="mixamorig_Spine1-Matrix-animation-output-transform-array" count="784">

0.999505 -0.017660 0.026023 0.000000 0.018669 0.999061 -0.039086 8.558700 -0.025309 0.039553 0.998897 0.000000 0.000000 0.000000 0.000000 1.000000
0.999598 -0.016503 0.023069 0.000000 0.017401 0.999076 -0.039291 8.558700 -0.022399 0.039677 0.998961 0.000000 0.000000 0.000000 0.000000 1.000000
0.999725 -0.014989 0.018049 -0.000000 0.015719 0.999037 -0.040966 8.558700 -0.017417 0.041239 0.998997 -0.000000 0.000000 0.000000 0.000000 1.000000
0.999824 -0.014124 0.012331 -0.000000 0.014652 0.998931 -0.043833 8.558700 -0.011699 0.044006 0.998963 0.000000 0.000000 0.000000 0.000000 1.000000
0.999851 -0.014832 0.008779 0.000000 0.015223 0.998810 -0.046336 8.558700 -0.008082 0.046463 0.998887 0.000000 0.000000 0.000000 0.000000 1.000000
0.999805 -0.016108 0.011393 0.000000 0.016610 0.998830 -0.045420 8.558700 -0.010648 0.045601 0.998903 0.000000 0.000000 0.000000 0.000000 1.000000
0.999597 -0.014617 0.024329 0.000000 0.015542 0.999147 -0.038256 8.558700 -0.023749 0.038619 0.998972 0.000000 0.000000 0.000000 0.000000 1.000000
0.998698 -0.008023 0.050382 -0.000000 0.009313 0.999634 -0.025416 8.558700 -0.050160 0.025852 0.998407 0.000000 0.000000 0.000000 0.000000 1.000000
0.996126 0.001056 0.087935 -0.000000 -0.000000 0.999928 -0.012007 8.558700 -0.087941 0.011960 0.996054 -0.000000 0.000000 0.000000 0.000000 1.000000
0.991788 0.006604 0.127718 0.000000 -0.006187 0.999974 -0.003659 8.558700 -0.127739 0.002838 0.991804 0.000000 0.000000 0.000000 0.000000 1.000000
0.988005 0.006269 0.154292 -0.000000 -0.006059 0.999980 -0.001832 8.558700 -0.154300 0.000876 0.988024 -0.000000 0.000000 0.000000 0.000000 1.000000
0.987983 0.005019 0.154484 -0.000000 -0.004235 0.999976 -0.005400 8.558700 -0.154507 0.004681 0.987981 0.000000 0.000000 0.000000 0.000000 1.000000
0.991946 0.008511 0.126377 0.000000 -0.006695 0.999868 -0.014790 8.558700 -0.126486 0.013825 0.991872 -0.000000 0.000000 0.000000 0.000000 1.000000
0.996732 0.012831 0.079754 -0.000000 -0.010344 0.999450 -0.031519 8.558700 -0.080114 0.030591 0.996316 0.000000 0.000000 0.000000 0.000000 1.000000
0.999609 0.004873 0.027537 0.000000 -0.003368 0.998511 -0.054440 8.558700 -0.027761 0.054326 0.998137 0.000000 0.000000 0.000000 0.000000 1.000000
0.999470 -0.023893 -0.022125 0.000000 0.022106 0.996727 -0.077766 8.558700 0.023911 0.077236 0.996726 0.000000 0.000000 0.000000 0.000000 1.000000
0.995720 -0.065514 -0.065189 -0.000000 0.059160 0.993715 -0.095031 8.558700 0.071005 0.090768 0.993338 0.000000 0.000000 0.000000 0.000000 1.000000
0.990142 -0.100658 -0.097398 0.000000 0.090309 0.990321 -0.105397 8.558700 0.107065 0.095562 0.989649 0.000000 0.000000 0.000000 0.000000 1.000000
0.986632 -0.115669 -0.114791 0.000000 0.102617 0.988194 -0.113761 8.558700 0.126595 0.100461 0.986854 0.000000 0.000000 0.000000 0.000000 1.000000
0.986698 -0.112193 -0.117645 0.000000 0.097423 0.987417 -0.124562 8.558700 0.130140 0.111444 0.985213 -0.000000 0.000000 0.000000 0.000000 1.000000
0.988714 -0.100510 -0.111096 0.000000 0.084978 0.986968 -0.136649 8.558700 0.123383 0.125666 0.984370 -0.000000 0.000000 0.000000 0.000000 1.000000
0.991128 -0.087061 -0.100425 0.000000 0.071971 0.986787 -0.145162 8.558700 0.111736 0.136646 0.984298 0.000000 0.000000 0.000000 0.000000 1.000000
0.993702 -0.070866 -0.086804 0.000000 0.057547 0.987411 -0.147338 8.558700 0.096152 0.141415 0.985270 0.000000 0.000000 0.000000 0.000000 1.000000
0.996320 -0.050215 -0.069467 0.000000 0.039774 0.988740 -0.144263 8.558700 0.075929 0.140969 0.987098 0.000000 0.000000 0.000000 0.000000 1.000000
0.998293 -0.028238 -0.051128 -0.000000 0.020941 0.990209 -0.138010 8.558700 0.054525 0.136704 0.989110 -0.000000 0.000000 0.000000 0.000000 1.000000
0.999218 -0.009888 -0.038290 0.000000 0.004853 0.991577 -0.129425 8.558700 0.039248 0.129138 0.990850 0.000000 0.000000 0.000000 0.000000 1.000000
0.999382 0.004174 -0.034905 0.000000 -0.008296 0.992883 -0.118807 8.558700 0.034161 0.119023 0.992304 0.000000 0.000000 0.000000 0.000000 1.000000
0.999146 0.017707 -0.037326 0.000000 -0.021605 0.994050 -0.106758 8.558700 0.035214 0.107473 0.993584 0.000000 0.000000 0.000000 0.000000 1.000000
0.998761 0.032933 -0.037295 0.000000 -0.036307 0.994935 -0.093729 8.558700 0.034020 0.094967 0.994899 -0.000000 0.000000 0.000000 0.000000 1.000000
0.998477 0.046452 -0.029779 0.000000 -0.048709 0.995590 -0.080170 8.558700 0.025924 0.081499 0.996336 -0.000000 0.000000 0.000000 0.000000 1.000000
0.998506 0.051972 -0.016849 0.000000 -0.052990 0.996347 -0.066970 8.558700 0.013307 0.067762 0.997613 -0.000000 0.000000 0.000000 0.000000 1.000000
0.998916 0.046382 -0.004017 0.000000 -0.046533 0.997400 -0.055032 8.558700 0.001454 0.055159 0.998477 0.000000 0.000000 0.000000 0.000000 1.000000
0.999455 0.032484 0.005860 0.000000 -0.032191 0.998482 -0.044703 8.558700 -0.007303 0.044490 0.998983 0.000000 0.000000 0.000000 0.000000 1.000000
0.999764 0.016264 0.014426 0.000000 -0.015739 0.999237 -0.035753 8.558700 -0.014997 0.035518 0.999257 0.000000 0.000000 0.000000 0.000000 1.000000
0.999693 0.002286 0.024669 0.000000 -0.001594 0.999606 -0.028015 8.558700 -0.024724 0.027967 0.999303 0.000000 0.000000 0.000000 0.000000 1.000000
0.999274 -0.008230 0.037196 -0.000000 0.009051 0.999718 -0.021958 8.558700 -0.037005 0.022279 0.999067 0.000000 0.000000 0.000000 0.000000 1.000000
0.998651 -0.015915 0.049429 0.000000 0.016841 0.999689 -0.018369 8.558700 -0.049121 0.019177 0.998609 0.000000 0.000000 0.000000 0.000000 1.000000
0.998125 -0.021198 0.057415 0.000000 0.022255 0.999593 -0.017839 8.558700 -0.057013 0.019083 0.998191 0.000000 0.000000 0.000000 0.000000 1.000000
0.998007 -0.024099 0.058317 0.000000 0.025353 0.999461 -0.020862 8.558700 -0.057783 0.022299 0.998080 0.000000 0.000000 0.000000 0.000000 1.000000
0.998320 -0.025144 0.052203 0.000000 0.026620 0.999260 -0.027773 8.558700 -0.051466 0.029116 0.998250 0.000000 0.000000 0.000000 0.000000 1.000000
0.998790 -0.025410 0.042104 0.000000 0.027005 0.998922 -0.037751 8.558700 -0.041099 0.038842 0.998400 0.000000 0.000000 0.000000 0.000000 1.000000
0.999158 -0.025549 0.032088 0.000000 0.027073 0.998481 -0.047988 8.558700 -0.030814 0.048816 0.998332 -0.000000 0.000000 0.000000 0.000000 1.000000
0.999370 -0.025351 0.024853 0.000000 0.026681 0.998143 -0.054751 8.558700 -0.023419 0.055380 0.998191 0.000000 0.000000 0.000000 0.000000 1.000000
0.999481 -0.024424 0.021012 0.000000 0.025567 0.998105 -0.055977 8.558700 -0.019605 0.056485 0.998211 0.000000 0.000000 0.000000 0.000000 1.000000
0.999536 -0.022904 0.020103 -0.000000 0.023936 0.998324 -0.052688 8.558700 -0.018863 0.053145 0.998409 0.000000 0.000000 0.000000 0.000000 1.000000
0.999544 -0.021300 0.021409 -0.000000 0.022302 0.998612 -0.047722 8.558700 -0.020363 0.048178 0.998631 -0.000000 0.000000 0.000000 0.000000 1.000000
0.999518 -0.019944 0.023785 0.000000 0.020964 0.998837 -0.043426 8.558700 -0.022891 0.043904 0.998773 -0.000000 0.000000 0.000000 0.000000 1.000000
0.999492 -0.018798 0.025736 0.000000 0.019834 0.998979 -0.040600 8.558700 -0.024946 0.041090 0.998844 -0.000000 0.000000 0.000000 0.000000 1.000000
0.999504 -0.017669 0.026051 0.000000 0.018679 0.999062 -0.039077 8.558700 -0.025336 0.039545 0.998897 0.000000 0.000000 0.000000 0.000000 1.000000</float_array>
        <technique_common>
          <accessor source="#mixamorig_Spine1-Matrix-animation-output-transform-array" count="49" stride="16">
            <param type="float4x4"/>
          </accessor>
        </technique_common>
      </source>
      <source id="mixamorig_Spine1-Interpolations">
        <Name_array id="mixamorig_Spine1-Interpolations-array" count="49">
 LINEAR LINEAR LINEAR LINEAR LINEAR LINEAR LINEAR LINEAR LINEAR LINEAR LINEAR
LINEAR LINEAR LINEAR LINEAR LINEAR LINEAR LINEAR LINEAR LINEAR LINEAR LINEAR LINEAR
LINEAR LINEAR LINEAR LINEAR LINEAR LINEAR LINEAR LINEAR LINEAR LINEAR LINEAR LINEAR
LINEAR LINEAR LINEAR LINEAR LINEAR LINEAR LINEAR LINEAR LINEAR LINEAR LINEAR LINEAR
LINEAR LINEAR</Name_array>
        <technique_common>
          <accessor source="#mixamorig_Spine1-Interpolations-array" count="49">
            <param type="name"/>
          </accessor>
        </technique_common>
      </source>
      <sampler id="mixamorig_Spine1-Matrix-animation-transform">
        <input semantic="INPUT" source="#mixamorig_Spine1-Matrix-animation-input"/>
        <input semantic="OUTPUT" source="#mixamorig_Spine1-Matrix-animation-output-transform"/>
        <input semantic="INTERPOLATION" source="#mixamorig_Spine1-Interpolations"/>
      </sampler>
      <channel source="#mixamorig_Spine1-Matrix-animation-transform" target="mixamorig_Spine1/matrix"/>
    </animation>
    <animation id="mixamorig_Spine2-anim" name="mixamorig_Spine2">
      <source id="mixamorig_Spine2-Matrix-animation-input">
        <float_array id="mixamorig_Spine2-Matrix-animation-input-array" count="49">

0.000000 0.033333 0.066667 0.100000 0.133333 0.166667 0.200000 0.233333 0.266667 0.300000 0.333333 0.366667 0.400000 0.433333 0.466667 0.500000
0.533333 0.566667 0.600000 0.633333 0.666667 0.700000 0.733333 0.766667 0.800000 0.833333 0.866667 0.900000 0.933333 0.966667 1.000000 1.033333
1.066667 1.100000 1.133333 1.166667 1.200000 1.233333 1.266667 1.300000 1.333333 1.366667 1.400000 1.433333 1.466667 1.500000 1.533333 1.566667
1.600000</float_array>
        <technique_common>
          <accessor source="#mixamorig_Spine2-Matrix-animation-input-array" count="49">
            <param name="TIME" type="float"/>
          </accessor>
        </technique_common>
      </source>
      <source id="mixamorig_Spine2-Matrix-animation-output-transform">
        <float_array id="mixamorig_Spine2-Matrix-animation-output-transform-array" count="784">

0.999481 -0.014202 0.028916 -0.000000 0.017928 0.990959 -0.132963 29.149500 -0.026766 0.133412 0.990699 1.721100 0.000000 0.000000 0.000000 1.000000
0.999577 -0.013342 0.025846 0.000000 0.016671 0.990950 -0.133192 29.149500 -0.023835 0.133567 0.990753 1.721100 0.000000 0.000000 0.000000 1.000000
0.999710 -0.012334 0.020699 0.000000 0.015017 0.990746 -0.134899 29.149500 -0.018844 0.135171 0.990643 1.721100 0.000000 0.000000 0.000000 1.000000
0.999816 -0.012050 0.014925 0.000000 0.013993 0.990360 -0.137807 29.149500 -0.013120 0.137991 0.990347 1.721100 0.000000 0.000000 0.000000 1.000000
0.999848 -0.013133 0.011431 0.000000 0.014608 0.989992 -0.140362 29.149500 -0.009473 0.140508 0.990034 1.721100 0.000000 0.000000 0.000000 1.000000
0.999800 -0.014198 0.014075 0.000000 0.016024 0.990095 -0.139484 29.149500 -0.011956 0.139682 0.990124 1.721100 0.000000 0.000000 0.000000 1.000000
0.999577 -0.011538 0.026680 0.000000 0.014971 0.991100 -0.132277 29.149500 -0.024917 0.132620 0.990854 1.721100 0.000000 0.000000 0.000000 1.000000
0.998652 -0.002591 0.051846 -0.000000 0.008766 0.992826 -0.119246 29.149500 -0.051165 0.119540 0.991510 1.721100 0.000000 0.000000 0.000000 1.000000
0.996051 0.009859 0.088234 0.000000 -0.000495 0.994416 -0.105526 29.149500 -0.088781 0.105065 0.990494 1.721100 0.000000 0.000000 0.000000 1.000000
0.991701 0.018936 0.127160 0.000000 -0.006575 0.995269 -0.096937 29.149500 -0.128394 0.095297 0.987134 1.721100 0.000000 0.000000 0.000000 1.000000
0.987936 0.020865 0.153451 0.000000 -0.006232 0.995436 -0.095228 29.149500 -0.154738 0.093123 0.983557 1.721100 0.000000 0.000000 0.000000 1.000000
0.987940 0.019400 0.153617 0.000000 -0.004095 0.995046 -0.099330 29.149500 -0.154783 0.097503 0.983125 1.721100 0.000000 0.000000 0.000000 1.000000
0.991912 0.020057 0.125334 -0.000000 -0.006287 0.993988 -0.109310 29.149500 -0.126773 0.107638 0.986074 1.721100 0.000000 0.000000 0.000000 1.000000
0.996708 0.019972 0.078574 -0.000000 -0.009921 0.991944 -0.126292 29.149500 -0.080463 0.125096 0.988876 1.721100 0.000000 0.000000 0.000000 1.000000
0.999607 0.007432 0.027040 0.000000 -0.003321 0.988832 -0.149000 29.149500 -0.027846 0.148852 0.988467 1.721100 0.000000 0.000000 0.000000 1.000000
0.999466 -0.025394 -0.020576 -0.000000 0.021491 0.984922 -0.171656 29.149500 0.024625 0.171122 0.984942 1.721100 0.000000 0.000000 0.000000 1.000000
0.995658 -0.070589 -0.060674 0.000000 0.058061 0.980469 -0.187908 29.149500 0.072754 0.183569 0.980311 1.721100 0.000000 0.000000 0.000000 1.000000
0.989960 -0.108809 -0.090221 -0.000000 0.089341 0.976295 -0.197144 29.149500 0.109533 0.187104 0.976214 1.721100 0.000000 0.000000 0.000000 1.000000
0.986316 -0.125974 -0.106353 0.000000 0.102278 0.973495 -0.204566 29.149500 0.129304 0.190889 0.973058 1.721100 0.000000 0.000000 0.000000 1.000000
0.986301 -0.123297 -0.109585 0.000000 0.097605 0.971754 -0.214865 29.149500 0.132981 0.201225 0.970476 1.721100 0.000000 0.000000 0.000000 1.000000
0.988299 -0.111128 -0.104475 -0.000000 0.085109 0.970196 -0.226882 29.149500 0.126574 0.215336 0.968302 1.721100 0.000000 0.000000 0.000000 1.000000
0.990735 -0.096422 -0.095640 0.000000 0.071583 0.969208 -0.235611 29.149500 0.115414 0.226582 0.967130 1.721100 0.000000 0.000000 0.000000 1.000000
0.993355 -0.078660 -0.084013 -0.000000 0.056633 0.969568 -0.238182 29.149500 0.100192 0.231841 0.967580 1.721100 0.000000 0.000000 0.000000 1.000000
0.996042 -0.056340 -0.068751 0.000000 0.038665 0.971079 -0.235609 29.149500 0.080037 0.232018 0.969413 1.721100 0.000000 0.000000 0.000000 1.000000
0.998096 -0.032807 -0.052226 0.000000 0.019954 0.973015 -0.229879 29.149500 0.058358 0.228399 0.971817 1.721100 0.000000 0.000000 0.000000 1.000000
0.999089 -0.013399 -0.040528 0.000000 0.004082 0.975095 -0.221750 29.149500 0.042490 0.221382 0.974261 1.721100 0.000000 0.000000 0.000000 1.000000
0.999289 0.000993 -0.037678 -0.000000 -0.008944 0.977343 -0.211471 29.149500 0.036614 0.211657 0.976658 1.721100 0.000000 0.000000 0.000000 1.000000
0.999073 0.014398 -0.040575 0.000000 -0.022226 0.979616 -0.199646 29.149500 0.036874 0.200363 0.979028 1.721100 0.000000 0.000000 0.000000 1.000000
0.998705 0.029668 -0.041338 -0.000000 -0.036895 0.981701 -0.186820 29.149500 0.035039 0.188104 0.981524 1.721100 0.000000 0.000000 0.000000 1.000000
0.998438 0.043820 -0.034674 0.000000 -0.049196 0.983599 -0.173532 29.149500 0.026501 0.174967 0.984218 1.721100 0.000000 0.000000 0.000000 1.000000
0.998484 0.050450 -0.022034 0.000000 -0.053342 0.985571 -0.160636 29.149500 0.013612 0.161568 0.986768 1.721100 0.000000 0.000000 0.000000 1.000000
0.998903 0.046026 -0.008569 -0.000000 -0.046790 0.987736 -0.148958 29.149500 0.001608 0.149196 0.988806 1.721100 0.000000 0.000000 0.000000 1.000000
0.999448 0.033111 0.002671 0.000000 -0.032420 0.989787 -0.138816 29.149500 -0.007240 0.138653 0.990315 1.721100 0.000000 0.000000 0.000000 1.000000
0.999759 0.017810 0.012829 0.000000 -0.015993 0.991388 -0.129974 29.149500 -0.015033 0.129738 0.991434 1.721100 0.000000 0.000000 0.000000 1.000000
0.999688 0.004928 0.024491 0.000000 -0.001897 0.992496 -0.122261 29.149500 -0.024910 0.122176 0.992196 1.721100 0.000000 0.000000 0.000000 1.000000
0.999264 -0.004287 0.038124 0.000000 0.008692 0.993194 -0.116148 29.149500 -0.037367 0.116394 0.992500 1.721100 0.000000 0.000000 0.000000 1.000000
0.998633 -0.010720 0.051159 0.000000 0.016426 0.993522 -0.112446 29.149500 -0.049623 0.113133 0.992340 1.721100 0.000000 0.000000 0.000000 1.000000
0.998102 -0.015180 0.059679 0.000000 0.021795 0.993492 -0.111797 29.149500 -0.057594 0.112886 0.991937 1.721100 0.000000 0.000000 0.000000 1.000000
0.997981 -0.017946 0.060917 -0.000000 0.024862 0.993084 -0.114748 29.149500 -0.058437 0.116031 0.991525 1.721100 0.000000 0.000000 0.000000 1.000000
0.998291 -0.019519 0.055077 0.000000 0.026111 0.992231 -0.121641 29.149500 -0.052275 0.122871 0.991045 1.721100 0.000000 0.000000 0.000000 1.000000
0.998759 -0.020670 0.045305 0.000000 0.026479 0.990945 -0.131629 29.149500 -0.042174 0.132665 0.990263 1.721100 0.000000 0.000000 0.000000 1.000000
0.999130 -0.021673 0.035635 -0.000000 0.026525 0.989529 -0.141879 29.149500 -0.032187 0.142701 0.989242 1.721100 0.000000 0.000000 0.000000 1.000000
0.999347 -0.022088 0.028612 -0.000000 0.026105 0.988544 -0.148661 29.149500 -0.025001 0.149311 0.988474 1.721100 0.000000 0.000000 0.000000 1.000000
0.999463 -0.021484 0.024756 0.000000 0.024959 0.988384 -0.149912 29.149500 -0.021248 0.150450 0.988389 1.721100 0.000000 0.000000 0.000000 1.000000
0.999519 -0.020036 0.023665 -0.000000 0.023295 0.988915 -0.146641 29.149500 -0.020465 0.147122 0.988907 1.721100 0.000000 0.000000 0.000000 1.000000
0.999526 -0.018303 0.024750 0.000000 0.021630 0.989678 -0.141669 29.149500 -0.021901 0.142137 0.989605 1.721100 0.000000 0.000000 0.000000 1.000000
0.999497 -0.016711 0.026945 0.000000 0.020260 0.990316 -0.137343 29.149500 -0.024389 0.137820 0.990157 1.721100 0.000000 0.000000 0.000000 1.000000
0.999468 -0.015370 0.028757 -0.000000 0.019105 0.990731 -0.134488 29.149500 -0.026424 0.134966 0.990498 1.721100 0.000000 0.000000 0.000000 1.000000
0.999480 -0.014209 0.028944 0.000000 0.017938 0.990960 -0.132954 29.149500 -0.026793 0.133404 0.990699 1.721100 0.000000 0.000000 0.000000 1.000000</float_array>
        <technique_common>
          <accessor source="#mixamorig_Spine2-Matrix-animation-output-transform-array" count="49" stride="16">
            <param type="float4x4"/>
          </accessor>
        </technique_common>
      </source>
      <source id="mixamorig_Spine2-Interpolations">
        <Name_array id="mixamorig_Spine2-Interpolations-array" count="49">
 LINEAR LINEAR LINEAR LINEAR LINEAR LINEAR LINEAR LINEAR LINEAR LINEAR LINEAR
LINEAR LINEAR LINEAR LINEAR LINEAR LINEAR LINEAR LINEAR LINEAR LINEAR LINEAR LINEAR
LINEAR LINEAR LINEAR LINEAR LINEAR LINEAR LINEAR LINEAR LINEAR LINEAR LINEAR LINEAR
LINEAR LINEAR LINEAR LINEAR LINEAR LINEAR LINEAR LINEAR LINEAR LINEAR LINEAR LINEAR
LINEAR LINEAR</Name_array>
        <technique_common>
          <accessor source="#mixamorig_Spine2-Interpolations-array" count="49">
            <param type="name"/>
          </accessor>
        </technique_common>
      </source>
      <sampler id="mixamorig_Spine2-Matrix-animation-transform">
        <input semantic="INPUT" source="#mixamorig_Spine2-Matrix-animation-input"/>
        <input semantic="OUTPUT" source="#mixamorig_Spine2-Matrix-animation-output-transform"/>
        <input semantic="INTERPOLATION" source="#mixamorig_Spine2-Interpolations"/>
      </sampler>
      <channel source="#mixamorig_Spine2-Matrix-animation-transform" target="mixamorig_Spine2/matrix"/>
    </animation>
    <animation id="mixamorig_Neck-anim" name="mixamorig_Neck">
      <source id="mixamorig_Neck-Matrix-animation-input">
        <float_array id="mixamorig_Neck-Matrix-animation-input-array" count="49">

0.000000 0.033333 0.066667 0.100000 0.133333 0.166667 0.200000 0.233333 0.266667 0.300000 0.333333 0.366667 0.400000 0.433333 0.466667 0.500000
0.533333 0.566667 0.600000 0.633333 0.666667 0.700000 0.733333 0.766667 0.800000 0.833333 0.866667 0.900000 0.933333 0.966667 1.000000 1.033333
