<?xml version="1.0" encoding="utf-8"?>
<COLLADA xmlns="http://www.collada.org/2005/11/COLLADASchema" version="1.4.1">
  <asset>
    <contributor>
      <author>Mixamo</author>
      <authoring_tool>COLLADA Mixamo exporter</authoring_tool>
      <comments/>
    </contributor>
    <created>2024-04-11T21:34:18Z</created>
    <modified>2024-04-11T21:34:18Z</modified>
    <revision/>
    <title/>
    <unit meter="0.010000"/>
    <up_axis>Y_UP</up_axis>
  </asset>
  <library_animations>
    <animation id="mixamorig_Hips-anim" name="mixamorig_Hips">
      <source id="mixamorig_Hips-Matrix-animation-input">
        <float_array id="mixamorig_Hips-Matrix-animation-input-array" count="22">

0.000000 0.033333 0.066667 0.100000 0.133333 0.166667 0.200000 0.233333 0.266667 0.300000 0.333333 0.366667 0.400000 0.433333 0.466667 0.500000
0.533333 0.566667 0.600000 0.633333 0.666667 0.700000</float_array>
        <technique_common>
          <accessor source="#mixamorig_Hips-Matrix-animation-input-array" count="22">
            <param name="TIME" type="float"/>
          </accessor>
        </technique_common>
      </source>
      <source id="mixamorig_Hips-Matrix-animation-output-transform">
        <float_array id="mixamorig_Hips-Matrix-animation-output-transform-array" count="352">

0.971960 0.222980 -0.074652 1.330922 -0.232432 0.959129 -0.161390 97.737343 0.035614 0.174216 0.984063 -0.800703 0.000000 0.000000 0.000000 1.000000
0.975082 0.185782 -0.121248 1.276030 -0.207413 0.957356 -0.201119 100.572433 0.078713 0.221256 0.972034 1.616191 0.000000 0.000000 0.000000 1.000000
0.979978 0.124324 -0.155521 1.135887 -0.158733 0.959360 -0.233305 104.363922 0.120195 0.253320 0.959886 3.546866 0.000000 0.000000 0.000000 1.000000
0.987214 0.052479 -0.150512 1.158968 -0.092076 0.958528 -0.269715 107.690002 0.130116 0.280125 0.951105 4.432681 0.000000 0.000000 0.000000 1.000000
0.994397 -0.001391 -0.105701 1.170852 -0.030234 0.954402 -0.296989 110.090111 0.101295 0.298521 0.949012 3.706370 0.000000 0.000000 0.000000 1.000000
0.998472 -0.021791 -0.050789 0.892355 0.006110 0.956877 -0.290429 111.669937 0.054927 0.289674 0.955548 1.127872 0.000000 0.000000 0.000000 1.000000
0.999777 -0.020311 -0.005714 0.604449 0.018276 0.968953 -0.246567 111.551895 0.010544 0.246408 0.969109 -2.429980 0.000000 0.000000 0.000000 1.000000
0.999369 -0.017852 0.030708 0.588819 0.023478 0.980739 -0.193906 107.952522 -0.026655 0.194505 0.980539 -4.516129 0.000000 0.000000 0.000000 1.000000
0.996244 -0.031962 0.080478 0.911344 0.044868 0.985429 -0.164063 102.417740 -0.074062 0.167058 0.983162 -4.879797 0.000000 0.000000 0.000000 1.000000
0.987921 -0.071599 0.137428 1.427974 0.093726 0.982334 -0.161972 98.642159 -0.123403 0.172896 0.977179 -5.125666 0.000000 0.000000 0.000000 1.000000
0.981616 -0.097598 0.164027 1.887575 0.126484 0.976217 -0.176077 97.477486 -0.142941 0.193587 0.970614 -4.434885 0.000000 0.000000 0.000000 1.000000
0.984880 -0.086312 0.150207 2.183495 0.114542 0.974918 -0.190825 98.577469 -0.129969 0.205144 0.970064 -2.778230 0.000000 0.000000 0.000000 1.000000
0.992543 -0.037788 0.115891 2.295913 0.060327 0.978416 -0.197641 102.893486 -0.105921 0.203159 0.973400 -0.506871 0.000000 0.000000 0.000000 1.000000
0.996803 0.035343 0.071661 2.295410 -0.019801 0.978143 -0.206989 107.933456 -0.077411 0.204908 0.975715 1.114170 0.000000 0.000000 0.000000 1.000000
0.994323 0.105082 0.016724 2.194129 -0.098794 0.970103 -0.221675 111.012611 -0.039518 0.218764 0.974977 1.012904 0.000000 0.000000 0.000000 1.000000
0.989500 0.141541 -0.029243 2.162290 -0.144497 0.964484 -0.221113 111.280800 -0.003092 0.223016 0.974810 -0.688433 0.000000 0.000000 0.000000 1.000000
0.988872 0.142804 -0.041707 2.204773 -0.148156 0.970741 -0.188974 109.415024 0.013500 0.193050 0.981096 -3.075199 0.000000 0.000000 0.000000 1.000000
0.989715 0.140011 -0.029350 2.033938 -0.142767 0.979716 -0.140620 106.073601 0.009066 0.143364 0.989628 -5.045472 0.000000 0.000000 0.000000 1.000000
0.987576 0.155024 -0.025725 1.472579 -0.156942 0.981291 -0.111518 101.987198 0.007956 0.114169 0.993429 -5.853431 0.000000 0.000000 0.000000 1.000000
0.980472 0.190991 -0.046873 1.094539 -0.195183 0.974212 -0.113200 98.707985 0.024044 0.120138 0.992466 -5.715893 0.000000 0.000000 0.000000 1.000000
0.972957 0.219967 -0.070487 0.835126 -0.227684 0.964712 -0.132253 97.034317 0.038908 0.144725 0.988707 -3.823767 0.000000 0.000000 0.000000 1.000000
0.971960 0.222980 -0.074652 1.330925 -0.232432 0.959129 -0.161390 97.737350 0.035614 0.174216 0.984063 -0.800705 0.000000 0.000000 0.000000 1.000000</float_array>
        <technique_common>
          <accessor source="#mixamorig_Hips-Matrix-animation-output-transform-array" count="22" stride="16">
            <param type="float4x4"/>
          </accessor>
        </technique_common>
      </source>
      <source id="mixamorig_Hips-Interpolations">
        <Name_array id="mixamorig_Hips-Interpolations-array" count="22">
 LINEAR LINEAR LINEAR LINEAR LINEAR LINEAR LINEAR LINEAR LINEAR LINEAR LINEAR
LINEAR LINEAR LINEAR LINEAR LINEAR LINEAR LINEAR LINEAR LINEAR LINEAR LINEAR</Name_array>
        <technique_common>
          <accessor source="#mixamorig_Hips-Interpolations-array" count="22">
            <param type="name"/>
          </accessor>
        </technique_common>
      </source>
      <sampler id="mixamorig_Hips-Matrix-animation-transform">
        <input semantic="INPUT" source="#mixamorig_Hips-Matrix-animation-input"/>
        <input semantic="OUTPUT" source="#mixamorig_Hips-Matrix-animation-output-transform"/>
        <input semantic="INTERPOLATION" source="#mixamorig_Hips-Interpolations"/>
      </sampler>
      <channel source="#mixamorig_Hips-Matrix-animation-transform" target="mixamorig_Hips/matrix"/>
    </animation>
    <animation id="mixamorig_Spine-anim" name="mixamorig_Spine">
      <source id="mixamorig_Spine-Matrix-animation-input">
        <float_array id="mixamorig_Spine-Matrix-animation-input-array" count="22">

0.000000 0.033333 0.066667 0.100000 0.133333 0.166667 0.200000 0.233333 0.266667 0.300000 0.333333 0.366667 0.400000 0.433333 0.466667 0.500000
0.533333 0.566667 0.600000 0.633333 0.666667 0.700000</float_array>
        <technique_common>
          <accessor source="#mixamorig_Spine-Matrix-animation-input-array" count="22">
            <param name="TIME" type="float"/>
          </accessor>
        </technique_common>
      </source>
      <source id="mixamorig_Spine-Matrix-animation-output-transform">
        <float_array id="mixamorig_Spine-Matrix-animation-output-transform-array" count="352">

0.983383 -0.175532 0.046337 0.072000 0.172646 0.983136 0.060307 7.257300 -0.056141 -0.051305 0.997104 -0.789700 0.000000 0.000000 0.000000 1.000000
0.984946 -0.156692 0.072995 0.072000 0.150316 0.984897 0.085930 7.257300 -0.085357 -0.073664 0.993624 -0.789700 0.000000 0.000000 0.000000 1.000000
0.986628 -0.122921 0.107036 0.072000 0.112133 0.988488 0.101572 7.257300 -0.118289 -0.088212 0.989053 -0.789700 0.000000 0.000000 0.000000 1.000000
0.987284 -0.079926 0.137413 0.072000 0.065011 0.991826 0.109797 7.257300 -0.145066 -0.099467 0.984410 -0.789700 0.000000 0.000000 0.000000 1.000000
0.987352 -0.041078 0.153132 0.072000 0.024190 0.993575 0.110559 7.257300 -0.156689 -0.105456 0.982002 -0.789700 0.000000 0.000000 0.000000 1.000000
0.988334 -0.012851 0.151760 0.072000 -0.002225 0.995109 0.098759 7.257300 -0.152287 -0.097945 0.983471 -0.789700 0.000000 0.000000 0.000000 1.000000
0.990711 0.004098 0.135925 0.072000 -0.014405 0.997085 0.074929 7.257300 -0.135222 -0.076191 0.987882 -0.789700 0.000000 0.000000 0.000000 1.000000
0.992866 0.006578 0.119053 0.072000 -0.012871 0.998556 0.052164 7.257300 -0.118538 -0.053324 0.991517 -0.789700 0.000000 0.000000 0.000000 1.000000
0.994822 0.001908 0.101615 0.072000 -0.006484 0.998979 0.044718 7.257300 -0.101426 -0.045146 0.993818 -0.789700 0.000000 0.000000 0.000000 1.000000
0.996211 0.013865 0.085854 0.072000 -0.018533 0.998379 0.053819 7.257300 -0.084968 -0.055206 0.994853 -0.789700 0.000000 0.000000 0.000000 1.000000
0.996579 0.024801 0.078833 0.072000 -0.030599 0.996847 0.073209 7.257300 -0.076768 -0.075371 0.994196 -0.789700 0.000000 0.000000 0.000000 1.000000
0.997402 0.016396 0.070142 0.072000 -0.022641 0.995757 0.089194 7.257300 -0.068382 -0.090551 0.993541 -0.789700 0.000000 0.000000 0.000000 1.000000
0.998712 -0.014664 0.048577 0.072000 0.010150 0.995715 0.091913 7.257300 -0.049717 -0.091302 0.994581 -0.789700 0.000000 0.000000 0.000000 1.000000
0.997834 -0.061523 0.023293 0.072000 0.059315 0.994541 0.085849 7.257300 -0.028447 -0.084281 0.996036 -0.789700 0.000000 0.000000 0.000000 1.000000
0.993967 -0.109321 0.008865 0.072000 0.108300 0.991028 0.078325 7.257300 -0.017349 -0.076892 0.996888 -0.789700 0.000000 0.000000 0.000000 1.000000
0.989989 -0.141117 0.002976 0.072000 0.140611 0.987841 0.066316 7.257300 -0.012298 -0.065234 0.997794 -0.789700 0.000000 0.000000 0.000000 1.000000
0.988585 -0.150661 -0.000850 0.072000 0.150552 0.987627 0.043907 7.257300 -0.005775 -0.043534 0.999035 -0.789700 0.000000 0.000000 0.000000 1.000000
0.989034 -0.147689 -0.000098 0.072000 0.147665 0.988862 0.018628 7.257300 -0.002655 -0.018438 0.999826 -0.789700 0.000000 0.000000 0.000000 1.000000
0.990252 -0.138912 0.010225 0.072000 0.138844 0.990289 0.007133 7.257300 -0.011117 -0.005643 0.999922 -0.789700 0.000000 0.000000 0.000000 1.000000
0.989351 -0.142815 0.028093 0.072000 0.142431 0.989688 0.015227 7.257300 -0.029978 -0.011063 0.999489 -0.789700 0.000000 0.000000 0.000000 1.000000
0.986315 -0.159568 0.041484 0.072000 0.158150 0.986777 0.035489 7.257300 -0.046599 -0.028443 0.998509 -0.789700 0.000000 0.000000 0.000000 1.000000
0.983383 -0.175532 0.046337 0.072000 0.172646 0.983136 0.060307 7.257300 -0.056141 -0.051305 0.997104 -0.789700 0.000000 0.000000 0.000000 1.000000</float_array>
        <technique_common>
          <accessor source="#mixamorig_Spine-Matrix-animation-output-transform-array" count="22" stride="16">
            <param type="float4x4"/>
          </accessor>
        </technique_common>
      </source>
      <source id="mixamorig_Spine-Interpolations">
        <Name_array id="mixamorig_Spine-Interpolations-array" count="22">
 LINEAR LINEAR LINEAR LINEAR LINEAR LINEAR LINEAR LINEAR LINEAR LINEAR LINEAR
LINEAR LINEAR LINEAR LINEAR LINEAR LINEAR LINEAR LINEAR LINEAR LINEAR LINEAR</Name_array>
        <technique_common>
          <accessor source="#mixamorig_Spine-Interpolations-array" count="22">
            <param type="name"/>
          </accessor>
        </technique_common>
      </source>
      <sampler id="mixamorig_Spine-Matrix-animation-transform">
        <input semantic="INPUT" source="#mixamorig_Spine-Matrix-animation-input"/>
        <input semantic="OUTPUT" source="#mixamorig_Spine-Matrix-animation-output-transform"/>
        <input semantic="INTERPOLATION" source="#mixamorig_Spine-Interpolations"/>
      </sampler>
      <channel source="#mixamorig_Spine-Matrix-animation-transform" target="mixamorig_Spine/matrix"/>
    </animation>
    <animation id="mixamorig_Spine1-anim" name="mixamorig_Spine1">
      <source id="mixamorig_Spine1-Matrix-animation-input">
        <float_array id="mixamorig_Spine1-Matrix-animation-input-array" count="22">

0.000000 0.033333 0.066667 0.100000 0.133333 0.166667 0.200000 0.233333 0.266667 0.300000 0.333333 0.366667 0.400000 0.433333 0.466667 0.500000
0.533333 0.566667 0.600000 0.633333 0.666667 0.700000</float_array>
        <technique_common>
          <accessor source="#mixamorig_Spine1-Matrix-animation-input-array" count="22">
            <param name="TIME" type="float"/>
          </accessor>
        </technique_common>
      </source>
      <source id="mixamorig_Spine1-Matrix-animation-output-transform">
        <float_array id="mixamorig_Spine1-Matrix-animation-output-transform-array" count="352">

0.999644 -0.023645 -0.012367 -0.000000 0.021632 0.989454 -0.143225 8.558700 0.015623 0.142906 0.989613 0.000000 0.000000 0.000000 0.000000 1.000000
0.999589 0.008415 0.027407 -0.000000 -0.005273 0.993605 -0.112786 8.558700 -0.028181 0.112595 0.993241 0.000000 0.000000 0.000000 0.000000 1.000000
0.995751 0.046736 0.079346 -0.000000 -0.039616 0.995239 -0.089049 8.558700 -0.083130 0.085528 0.992862 0.000000 0.000000 0.000000 0.000000 1.000000
0.988886 0.082075 0.123972 0.000000 -0.073954 0.994889 -0.068750 8.558700 -0.128981 0.058817 0.989901 -0.000000 0.000000 0.000000 0.000000 1.000000
0.983787 0.102003 0.147506 -0.000000 -0.094742 0.993956 -0.055459 8.558700 -0.152272 0.040585 0.987505 0.000000 0.000000 0.000000 0.000000 1.000000
0.983887 0.098471 0.149230 0.000000 -0.090654 0.994173 -0.058325 8.558700 -0.154104 0.043857 0.987081 0.000000 0.000000 0.000000 0.000000 1.000000
0.987819 0.079208 0.133941 0.000000 -0.068915 0.994425 -0.079816 8.558700 -0.139517 0.069613 0.987770 -0.000000 0.000000 0.000000 0.000000 1.000000
0.992353 0.066614 0.103918 0.000000 -0.055288 0.992579 -0.108303 8.558700 -0.110361 0.101730 0.988672 -0.000000 0.000000 0.000000 0.000000 1.000000
0.995101 0.074145 0.065396 -0.000000 -0.065332 0.989634 -0.127893 8.558700 -0.074201 0.122994 0.989630 0.000000 0.000000 0.000000 0.000000 1.000000
0.995296 0.090796 0.033796 0.000000 -0.085560 0.987414 -0.133012 8.558700 -0.045448 0.129495 0.990538 -0.000000 0.000000 0.000000 0.000000 1.000000
0.995476 0.093652 0.016003 -0.000000 -0.090915 0.987877 -0.125828 8.558700 -0.027593 0.123804 0.991923 0.000000 0.000000 0.000000 0.000000 1.000000
0.997512 0.070476 -0.001685 -0.000000 -0.070198 0.990816 -0.115566 8.558700 -0.006475 0.115397 0.993298 0.000000 0.000000 0.000000 0.000000 1.000000
0.999084 0.027978 -0.032371 0.000000 -0.031485 0.993042 -0.113472 8.558700 0.028971 0.114387 0.993014 0.000000 0.000000 0.000000 0.000000 1.000000
0.997538 -0.015235 -0.068449 0.000000 0.007147 0.993119 -0.116889 8.558700 0.069759 0.116112 0.990783 0.000000 0.000000 0.000000 0.000000 1.000000
0.994606 -0.043223 -0.094292 -0.000000 0.031940 0.992495 -0.118044 8.558700 0.098687 0.114396 0.988521 0.000000 0.000000 0.000000 0.000000 1.000000
0.993301 -0.048525 -0.104877 0.000000 0.035490 0.991801 -0.122764 8.558700 0.109974 0.118219 0.986879 -0.000000 0.000000 0.000000 0.000000 1.000000
0.994054 -0.034637 -0.103229 0.000000 0.019846 0.989810 -0.141004 8.558700 0.107061 0.138117 0.984612 0.000000 0.000000 0.000000 0.000000 1.000000
0.995859 -0.019615 -0.088768 0.000000 0.004548 0.985971 -0.166852 8.558700 0.090796 0.165757 0.981978 0.000000 0.000000 0.000000 0.000000 1.000000
0.997960 -0.019719 -0.060728 -0.000000 0.008308 0.983130 -0.182717 8.558700 0.063306 0.181840 0.981288 -0.000000 0.000000 0.000000 0.000000 1.000000
0.999065 -0.029286 -0.031804 0.000000 0.023045 0.983142 -0.181386 8.558700 0.036580 0.180483 0.982898 0.000000 0.000000 0.000000 0.000000 1.000000
0.999333 -0.032534 -0.016592 -0.000000 0.029292 0.985374 -0.167872 8.558700 0.021811 0.167274 0.985669 0.000000 0.000000 0.000000 0.000000 1.000000
0.999644 -0.023645 -0.012367 0.000000 0.021632 0.989454 -0.143225 8.558700 0.015623 0.142906 0.989613 0.000000 0.000000 0.000000 0.000000 1.000000</float_array>
        <technique_common>
          <accessor source="#mixamorig_Spine1-Matrix-animation-output-transform-array" count="22" stride="16">
            <param type="float4x4"/>
          </accessor>
        </technique_common>
      </source>
      <source id="mixamorig_Spine1-Interpolations">
        <Name_array id="mixamorig_Spine1-Interpolations-array" count="22">
 LINEAR LINEAR LINEAR LINEAR LINEAR LINEAR LINEAR LINEAR LINEAR LINEAR LINEAR
LINEAR LINEAR LINEAR LINEAR LINEAR LINEAR LINEAR LINEAR LINEAR LINEAR LINEAR</Name_array>
        <technique_common>
          <accessor source="#mixamorig_Spine1-Interpolations-array" count="22">
            <param type="name"/>
          </accessor>
        </technique_common>
      </source>
      <sampler id="mixamorig_Spine1-Matrix-animation-transform">
        <input semantic="INPUT" source="#mixamorig_Spine1-Matrix-animation-input"/>
        <input semantic="OUTPUT" source="#mixamorig_Spine1-Matrix-animation-output-transform"/>
        <input semantic="INTERPOLATION" source="#mixamorig_Spine1-Interpolations"/>
      </sampler>
      <channel source="#mixamorig_Spine1-Matrix-animation-transform" target="mixamorig_Spine1/matrix"/>
    </animation>
    <animation id="mixamorig_Spine2-anim" name="mixamorig_Spine2">
      <source id="mixamorig_Spine2-Matrix-animation-input">
        <float_array id="mixamorig_Spine2-Matrix-animation-input-array" count="22">

0.000000 0.033333 0.066667 0.100000 0.133333 0.166667 0.200000 0.233333 0.266667 0.300000 0.333333 0.366667 0.400000 0.433333 0.466667 0.500000
0.533333 0.566667 0.600000 0.633333 0.666667 0.700000</float_array>
        <technique_common>
          <accessor source="#mixamorig_Spine2-Matrix-animation-input-array" count="22">
            <param name="TIME" type="float"/>
          </accessor>
        </technique_common>
      </source>
      <source id="mixamorig_Spine2-Matrix-animation-output-transform">
        <float_array id="mixamorig_Spine2-Matrix-animation-output-transform-array" count="352">

0.994735 -0.101675 -0.012828 -0.000000 0.097565 0.977875 -0.185043 29.149500 0.031358 0.182817 0.982647 1.721100 0.000000 0.000000 0.000000 1.000000
0.997275 -0.069491 0.024788 0.000000 0.072478 0.985567 -0.152989 29.149500 -0.013799 0.154368 0.987917 1.721100 0.000000 0.000000 0.000000 1.000000
0.996797 -0.029888 0.074183 0.000000 0.039224 0.991027 -0.127777 29.149500 -0.069698 0.130277 0.989025 1.721100 0.000000 0.000000 0.000000 1.000000
0.993142 0.007361 0.116684 0.000000 0.005144 0.994298 -0.106514 29.149500 -0.116803 0.106384 0.987441 1.721100 0.000000 0.000000 0.000000 1.000000
0.989823 0.028641 0.139392 0.000000 -0.015723 0.995550 -0.092909 29.149500 -0.141432 0.089772 0.985869 1.721100 0.000000 0.000000 0.000000 1.000000
0.989568 0.024900 0.141898 0.000000 -0.011345 0.995360 -0.095547 29.149500 -0.143619 0.092941 0.985259 1.721100 0.000000 0.000000 0.000000 1.000000
0.991696 0.003967 0.128540 -0.000000 0.011148 0.993110 -0.116657 29.149500 -0.128117 0.117121 0.984819 1.721100 0.000000 0.000000 0.000000 1.000000
0.994898 -0.010423 0.100348 0.000000 0.025031 0.989051 -0.145439 29.149500 -0.097734 0.147209 0.984265 1.721100 0.000000 0.000000 0.000000 1.000000
0.998044 -0.003646 0.062410 -0.000000 0.013980 0.986032 -0.165967 29.149500 -0.060933 0.166515 0.984154 1.721100 0.000000 0.000000 0.000000 1.000000
0.999466 0.012887 0.030043 -0.000000 -0.007537 0.985096 -0.171838 29.149500 -0.031810 0.171519 0.984667 1.721100 0.000000 0.000000 0.000000 1.000000
0.999816 0.015689 0.011071 0.000000 -0.013645 0.986164 -0.165209 29.149500 -0.013509 0.165027 0.986197 1.721100 0.000000 0.000000 0.000000 1.000000
0.999950 -0.007798 -0.006306 0.000000 0.006719 0.987740 -0.155962 29.149500 0.007445 0.155912 0.987743 1.721100 0.000000 0.000000 0.000000 1.000000
0.998090 -0.051048 -0.034781 0.000000 0.045035 0.986743 -0.155914 29.149500 0.042279 0.154050 0.987158 1.721100 0.000000 0.000000 0.000000 1.000000
0.993106 -0.094888 -0.068825 0.000000 0.082737 0.983338 -0.161870 29.149500 0.083038 0.155060 0.984409 1.721100 0.000000 0.000000 0.000000 1.000000
0.987943 -0.123063 -0.093932 0.000000 0.106459 0.980542 -0.164938 29.149500 0.112402 0.152950 0.981821 1.721100 0.000000 0.000000 0.000000 1.000000
0.986237 -0.127973 -0.104684 0.000000 0.109009 0.979353 -0.170249 29.149500 0.124310 0.156494 0.979825 1.721100 0.000000 0.000000 0.000000 1.000000
0.988199 -0.112883 -0.103536 -0.000000 0.092059 0.977929 -0.187563 29.149500 0.122424 0.175818 0.976781 1.721100 0.000000 0.000000 0.000000 1.000000
0.991336 -0.096437 -0.089181 -0.000000 0.075735 0.974376 -0.211790 29.149500 0.107320 0.203200 0.973238 1.721100 0.000000 0.000000 0.000000 1.000000
0.993507 -0.096161 -0.060801 -0.000000 0.080119 0.970781 -0.226199 29.149500 0.080776 0.219859 0.972182 1.721100 0.000000 0.000000 0.000000 1.000000
0.993832 -0.106269 -0.031688 -0.000000 0.096569 0.969843 -0.223782 29.149500 0.054513 0.219341 0.974124 1.721100 0.000000 0.000000 0.000000 1.000000
0.993786 -0.110073 -0.016532 0.000000 0.104192 0.972188 -0.209748 29.149500 0.039160 0.206722 0.977616 1.721100 0.000000 0.000000 0.000000 1.000000
0.994735 -0.101675 -0.012828 -0.000000 0.097565 0.977875 -0.185043 29.149500 0.031358 0.182817 0.982647 1.721100 0.000000 0.000000 0.000000 1.000000</float_array>
        <technique_common>
          <accessor source="#mixamorig_Spine2-Matrix-animation-output-transform-array" count="22" stride="16">
            <param type="float4x4"/>
          </accessor>
        </technique_common>
      </source>
      <source id="mixamorig_Spine2-Interpolations">
        <Name_array id="mixamorig_Spine2-Interpolations-array" count="22">
 LINEAR LINEAR LINEAR LINEAR LINEAR LINEAR LINEAR LINEAR LINEAR LINEAR LINEAR
LINEAR LINEAR LINEAR LINEAR LINEAR LINEAR LINEAR LINEAR LINEAR LINEAR LINEAR</Name_array>
        <technique_common>
          <accessor source="#mixamorig_Spine2-Interpolations-array" count="22">
            <param type="name"/>
          </accessor>
        </technique_common>
      </source>
      <sampler id="mixamorig_Spine2-Matrix-animation-transform">
        <input semantic="INPUT" source="#mixamorig_Spine2-Matrix-animation-input"/>
        <input semantic="OUTPUT" source="#mixamorig_Spine2-Matrix-animation-output-transform"/>
        <input semantic="INTERPOLATION" source="#mixamorig_Spine2-Interpolations"/>
      </sampler>
      <channel source="#mixamorig_Spine2-Matrix-animation-transform" target="mixamorig_Spine2/matrix"/>
    </animation>
    <animation id="mixamorig_Neck-anim" name="mixamorig_Neck">
      <source id="mixamorig_Neck-Matrix-animation-input">
        <float_array id="mixamorig_Neck-Matrix-animation-input-array" count="22">

0.000000 0.033333 0.066667 0.100000 0.133333 0.166667 0.200000 0.233333 0.266667 0.300000 0.333333 0.366667 0.400000 0.433333 0.466667 0.500000
0.533333 0.566667 0.600000 0.633333 0.666667 0.700000</float_array>
        <technique_common>
          <accessor source="#mixamorig_Neck-Matrix-animation-input-array" count="22">
            <param name="TIME" type="float"/>
          </accessor>
        </technique_common>
      </source>
      <source id="mixamorig_Neck-Matrix-animation-output-transform">
        <float_array id="mixamorig_Neck-Matrix-animation-output-transform-array" count="352">

0.997365 0.068509 0.023869 0.000000 -0.071694 0.981079 0.179845 13.857900 -0.011097 -0.181082 0.983405 7.405300 0.000000 0.000000 0.000000 1.000000
0.998514 0.054305 0.004513 0.000000 -0.054492 0.994737 0.086770 13.857900 0.000223 -0.086887 0.996218 7.405300 0.000000 0.000000 0.000000 1.000000
0.999221 0.035713 -0.016802 -0.000000 -0.035140 0.998829 0.033260 13.857900 0.017970 -0.032643 0.999305 7.405300 0.000000 0.000000 0.000000 1.000000
0.999094 0.019588 -0.037789 0.000000 -0.018761 0.999579 0.022125 13.857900 0.038206 -0.021396 0.999041 7.405300 0.000000 0.000000 0.000000 1.000000
0.998498 0.018324 -0.051639 -0.000000 -0.017880 0.999799 0.009052 13.857900 0.051794 -0.008115 0.998625 7.405300 0.000000 0.000000 0.000000 1.000000
0.998090 0.027048 -0.055536 -0.000000 -0.026406 0.999576 0.012256 13.857900 0.055844 -0.010766 0.998381 7.405300 0.000000 0.000000 0.000000 1.000000
0.998170 0.036479 -0.048220 0.000000 -0.030481 0.992337 0.119740 13.857900 0.052218 -0.118051 0.991634 7.405300 0.000000 0.000000 0.000000 1.000000
0.998696 0.032017 -0.039773 0.000000 -0.027040 0.992414 0.119933 13.857900 0.043311 -0.118702 0.991985 7.405300 0.000000 0.000000 0.000000 1.000000
0.999223 0.000880 -0.039407 -0.000000 0.003696 0.993255 0.115888 13.857900 0.039243 -0.115943 0.992480 7.405300 0.000000 0.000000 0.000000 1.000000
0.998979 -0.024130 -0.038189 0.000000 0.027846 0.994601 0.099967 13.857900 0.035571 -0.100928 0.994258 7.405300 0.000000 0.000000 0.000000 1.000000
0.999273 -0.020695 -0.032008 -0.000000 0.021930 0.999008 0.038750 13.857900 0.031175 -0.039424 0.998736 7.405300 0.000000 0.000000 0.000000 1.000000
0.999713 0.011399 -0.021075 0.000000 -0.011678 0.999845 -0.013199 13.857900 0.020921 0.013441 0.999691 7.405300 0.000000 0.000000 0.000000 1.000000
0.999027 0.043515 -0.007144 0.000000 -0.043818 0.997788 -0.049988 13.857900 0.004953 0.050253 0.998724 7.405300 0.000000 0.000000 0.000000 1.000000
0.999330 0.036489 0.002754 0.000000 -0.036254 0.997494 -0.060764 13.857900 -0.004964 0.060623 0.998148 7.405300 0.000000 0.000000 0.000000 1.000000
0.999721 0.018508 0.014671 0.000000 -0.017602 0.998065 -0.059634 13.857900 -0.015746 0.059359 0.998113 7.405300 0.000000 0.000000 0.000000 1.000000
0.998593 0.040633 0.034081 0.000000 -0.040744 0.999166 0.002555 13.857900 -0.033949 -0.003940 0.999416 7.405300 0.000000 0.000000 0.000000 1.000000
0.997117 0.057603 0.049383 0.000000 -0.062245 0.993210 0.098282 13.857900 -0.043386 -0.101073 0.993933 7.405300 0.000000 0.000000 0.000000 1.000000
0.997291 0.056094 0.047573 0.000000 -0.063632 0.982407 0.175579 13.857900 -0.036887 -0.178130 0.983315 7.405300 0.000000 0.000000 0.000000 1.000000
0.997789 0.053464 0.039492 0.000000 -0.061070 0.971940 0.227162 13.857900 -0.026239 -0.229071 0.973056 7.405300 0.000000 0.000000 0.000000 1.000000
0.997562 0.059034 0.037220 0.000000 -0.066525 0.965560 0.251531 13.857900 -0.021089 -0.253394 0.967133 7.405300 0.000000 0.000000 0.000000 1.000000
0.997090 0.069565 0.031167 0.000000 -0.075072 0.967081 0.243145 13.857900 -0.013226 -0.244777 0.969489 7.405300 0.000000 0.000000 0.000000 1.000000
0.997365 0.068509 0.023869 0.000000 -0.071694 0.981079 0.179846 13.857900 -0.011097 -0.181083 0.983405 7.405300 0.000000 0.000000 0.000000 1.000000</float_array>
        <technique_common>
          <accessor source="#mixamorig_Neck-Matrix-animation-output-transform-array" count="22" stride="16">
            <param type="float4x4"/>
          </accessor>
        </technique_common>
      </source>
      <source id="mixamorig_Neck-Interpolations">
        <Name_array id="mixamorig_Neck-Interpolations-array" count="22">
 LINEAR LINEAR LINEAR LINEAR LINEAR LINEAR LINEAR LINEAR LINEAR LINEAR LINEAR
LINEAR LINEAR LINEAR LINEAR LINEAR LINEAR LINEAR LINEAR LINEAR LINEAR LINEAR</Name_array>
        <technique_common>
          <accessor source="#mixamorig_Neck-Interpolations-array" count="22">
            <param type="name"/>
          </accessor>
        </technique_common>
      </source>
      <sampler id="mixamorig_Neck-Matrix-animation-transform">
        <input semantic="INPUT" source="#mixamorig_Neck-Matrix-animation-input"/>
        <input semantic="OUTPUT" source="#mixamorig_Neck-Matrix-animation-output-transform"/>
        <input semantic="INTERPOLATION" source="#mixamorig_Neck-Interpolations"/>
      </sampler>
      <channel source="#mixamorig_Neck-Matrix-animation-transform" target="mixamorig_Neck/matrix"/>
    </animation>
    <animation id="mixamorig_Head-anim" name="mixamorig_Head">
      <source id="mixamorig_Head-Matrix-animation-input">
        <float_array id="mixamorig_Head-Matrix-animation-input-array" count="22">

0.000000 0.033333 0.066667 0.100000 0.133333 0.166667 0.200000 0.233333 0.266667 0.300000 0.333333 0.366667 0.400000 0.433333 0.466667 0.500000
0.533333 0.566667 0.600000 0.633333 0.666667 0.700000</float_array>
        <technique_common>
          <accessor source="#mixamorig_Head-Matrix-animation-input-array" count="22">
            <param name="TIME" type="float"/>
          </accessor>
        </technique_common>
      </source>
      <source id="mixamorig_Head-Matrix-animation-output-transform">
        <float_array id="mixamorig_Head-Matrix-animation-output-transform-array" count="352">

0.997838 -0.031672 0.057589 0.000000 0.009211 0.934967 0.354614 8.198500 -0.065075 -0.353317 0.933237 5.703100 0.000000 0.000000 0.000000 1.000000
0.999557 -0.029335 0.005041 0.000000 0.024522 0.907591 0.419139 8.198500 -0.016871 -0.418830 0.907908 5.703100 0.000000 0.000000 0.000000 1.000000
0.996180 -0.028959 -0.082388 0.000000 0.061976 0.899098 0.433337 8.198500 0.061525 -0.436788 0.897458 5.703100 0.000000 0.000000 0.000000 1.000000
0.983218 -0.021658 -0.181145 0.000000 0.095181 0.907979 0.408062 8.198500 0.155638 -0.418456 0.894803 5.703100 0.000000 0.000000 0.000000 1.000000
0.965190 -0.005831 -0.261484 -0.000000 0.113855 0.909423 0.399985 8.198500 0.235467 -0.415833 0.878430 5.703100 0.000000 0.000000 0.000000 1.000000
0.954996 0.016918 -0.296137 0.000000 0.110613 0.906044 0.408472 8.198500 0.275223 -0.422845 0.863397 5.703100 0.000000 0.000000 0.000000 1.000000
0.958934 0.036414 -0.281283 0.000000 0.066849 0.934770 0.348907 8.198500 0.275640 -0.353382 0.893948 5.703100 0.000000 0.000000 0.000000 1.000000
0.970005 0.039761 -0.239812 0.000000 0.056083 0.923311 0.379936 8.198500 0.236528 -0.381989 0.893386 5.703100 0.000000 0.000000 0.000000 1.000000
0.980912 0.046537 -0.188802 -0.000000 0.032553 0.917939 0.395384 8.198500 0.191709 -0.393983 0.898902 5.703100 0.000000 0.000000 0.000000 1.000000
0.985204 0.050756 -0.163695 0.000000 0.018334 0.918446 0.395120 8.198500 0.170400 -0.392276 0.903927 5.703100 0.000000 0.000000 0.000000 1.000000
0.986905 0.046921 -0.154325 0.000000 0.022402 0.907612 0.419212 8.198500 0.159737 -0.417180 0.894676 5.703100 0.000000 0.000000 0.000000 1.000000
0.991559 0.042797 -0.122390 0.000000 0.015836 0.896912 0.441925 8.198500 0.128686 -0.440133 0.888664 5.703100 0.000000 0.000000 0.000000 1.000000
0.997719 0.056051 -0.037620 0.000000 -0.031508 0.879526 0.474806 8.198500 0.059701 -0.472538 0.879286 5.703100 0.000000 0.000000 0.000000 1.000000
0.991942 0.086577 0.092500 0.000000 -0.121381 0.858655 0.497974 8.198500 -0.036313 -0.505189 0.862245 5.703100 0.000000 0.000000 0.000000 1.000000
0.975164 0.094381 0.200369 0.000000 -0.185158 0.843824 0.503664 8.198500 -0.121539 -0.528255 0.840342 5.703100 0.000000 0.000000 0.000000 1.000000
0.971967 0.052785 0.229117 0.000000 -0.157700 0.869131 0.468766 8.198500 -0.174388 -0.491756 0.853091 5.703100 0.000000 0.000000 0.000000 1.000000
0.978071 0.010153 0.208024 -0.000000 -0.098023 0.903713 0.416767 8.198500 -0.183763 -0.428019 0.884890 5.703100 0.000000 0.000000 0.000000 1.000000
0.985963 -0.014243 0.166356 0.000000 -0.050847 0.923414 0.380422 8.198500 -0.159034 -0.383541 0.909728 5.703100 0.000000 0.000000 0.000000 1.000000
0.992720 -0.025702 0.117673 -0.000000 -0.018113 0.934000 0.356812 8.198500 -0.119077 -0.356346 0.926735 5.703100 0.000000 0.000000 0.000000 1.000000
0.996450 -0.031704 0.077984 -0.000000 0.003046 0.939340 0.342974 8.198500 -0.084127 -0.341519 0.936102 5.703100 0.000000 0.000000 0.000000 1.000000
0.997309 -0.039526 0.061746 0.000000 0.016148 0.939965 0.340889 8.198500 -0.071513 -0.338975 0.938074 5.703100 0.000000 0.000000 0.000000 1.000000
0.997838 -0.031672 0.057589 0.000000 0.009211 0.934967 0.354614 8.198500 -0.065075 -0.353317 0.933238 5.703100 0.000000 0.000000 0.000000 1.000000</float_array>
        <technique_common>
          <accessor source="#mixamorig_Head-Matrix-animation-output-transform-array" count="22" stride="16">
            <param type="float4x4"/>
          </accessor>
        </technique_common>
      </source>
      <source id="mixamorig_Head-Interpolations">
        <Name_array id="mixamorig_Head-Interpolations-array" count="22">
 LINEAR LINEAR LINEAR LINEAR LINEAR LINEAR LINEAR LINEAR LINEAR LINEAR LINEAR
LINEAR LINEAR LINEAR LINEAR LINEAR LINEAR LINEAR LINEAR LINEAR LINEAR LINEAR</Name_array>
        <technique_common>
          <accessor source="#mixamorig_Head-Interpolations-array" count="22">
            <param type="name"/>
          </accessor>
        </technique_common>
      </source>
      <sampler id="mixamorig_Head-Matrix-animation-transform">
        <input semantic="INPUT" source="#mixamorig_Head-Matrix-animation-input"/>
        <input semantic="OUTPUT" source="#mixamorig_Head-Matrix-animation-output-transform"/>
        <input semantic="INTERPOLATION" source="#mixamorig_Head-Interpolations"/>
      </sampler>
      <channel source="#mixamorig_Head-Matrix-animation-transform" target="mixamorig_Head/matrix"/>
    </animation>
    <animation id="mixamorig_LeftShoulder-anim" name="mixamorig_LeftShoulder">
      <source id="mixamorig_LeftShoulder-Matrix-animation-input">
        <float_array id="mixamorig_LeftShoulder-Matrix-animation-input-array" count="22">

0.000000 0.033333 0.066667 0.100000 0.133333 0.166667 0.200000 0.233333 0.266667 0.300000 0.333333 0.366667 0.400000 0.433333 0.466667 0.500000
0.533333 0.566667 0.600000 0.633333 0.666667 0.700000</float_array>
        <technique_common>
          <accessor source="#mixamorig_LeftShoulder-Matrix-animation-input-array" count="22">
            <param name="TIME" type="float"/>
          </accessor>
        </technique_common>
      </source>
      <source id="mixamorig_LeftShoulder-Matrix-animation-output-transform">
        <float_array id="mixamorig_LeftShoulder-Matrix-animation-output-transform-array" count="352">

0.265644 0.745118 -0.611746 12.584900 -0.107341 -0.607739 -0.786849 11.395200 -0.958077 0.274687 -0.081460 -1.453100 0.000000 0.000000 0.000000 1.000000
0.212200 0.791259 -0.573481 12.584900 -0.104211 -0.565176 -0.818362 11.395200 -0.971654 0.233419 -0.037472 -1.453100 0.000000 0.000000 0.000000 1.000000
0.188685 0.824665 -0.533222 12.584900 -0.100142 -0.523987 -0.845818 11.395200 -0.976918 0.212991 -0.016285 -1.453100 0.000000 0.000000 0.000000 1.000000
0.206371 0.828050 -0.521291 12.584900 -0.098839 -0.512393 -0.853044 11.395200 -0.973469 0.227568 -0.023900 -1.453100 0.000000 0.000000 0.000000 1.000000
0.204645 0.814419 -0.542994 12.584900 -0.099939 -0.534451 -0.839270 11.395200 -0.973721 0.226018 -0.027981 -1.453100 0.000000 0.000000 0.000000 1.000000
0.195237 0.806379 -0.558244 12.584900 -0.100359 -0.549783 -0.829256 11.395200 -0.975608 0.217926 -0.026410 -1.453100 0.000000 0.000000 0.000000 1.000000
0.216097 0.803003 -0.555418 12.584900 -0.100052 -0.547652 -0.830703 11.395200 -0.971232 0.235083 -0.038004 -1.453100 0.000000 0.000000 0.000000 1.000000
0.213426 0.772726 -0.597783 12.584900 -0.103050 -0.590662 -0.800312 11.395200 -0.971509 0.232408 -0.046433 -1.453100 0.000000 0.000000 0.000000 1.000000
0.207015 0.743746 -0.635599 12.584900 -0.105374 -0.628942 -0.770278 11.395200 -0.972646 0.226435 -0.051829 -1.453100 0.000000 0.000000 0.000000 1.000000
0.244229 0.681427 -0.689935 12.584900 -0.114116 -0.686340 -0.718272 11.395200 -0.962980 0.254156 -0.089862 -1.453100 0.000000 0.000000 0.000000 1.000000
0.284456 0.636571 -0.716841 12.584900 -0.123123 -0.717281 -0.685820 11.395200 -0.950750 0.283345 -0.125659 -1.453100 0.000000 0.000000 0.000000 1.000000
0.353743 0.553820 -0.753757 12.584900 -0.143817 -0.764073 -0.628895 11.395200 -0.924220 0.330870 -0.190637 -1.453100 0.000000 0.000000 0.000000 1.000000
0.383142 0.542031 -0.747933 12.584900 -0.149220 -0.762767 -0.629222 11.395200 -0.911557 0.352688 -0.211367 -1.453100 0.000000 0.000000 0.000000 1.000000
0.370914 0.591384 -0.716022 12.584900 -0.137760 -0.727452 -0.672187 11.395200 -0.918393 0.347963 -0.188353 -1.453100 0.000000 0.000000 0.000000 1.000000
0.352352 0.635192 -0.687298 12.584900 -0.127293 -0.695044 -0.707609 11.395200 -0.927170 0.336816 -0.164045 -1.453100 0.000000 0.000000 0.000000 1.000000
0.333788 0.663385 -0.669706 12.584900 -0.120353 -0.674646 -0.728264 11.395200 -0.934934 0.323686 -0.145348 -1.453100 0.000000 0.000000 0.000000 1.000000
0.332947 0.647413 -0.685568 12.584900 -0.123224 -0.690941 -0.712331 11.395200 -0.934860 0.321647 -0.150270 -1.453100 0.000000 0.000000 0.000000 1.000000
0.343948 0.632921 -0.693621 12.584900 -0.126666 -0.700664 -0.702158 11.395200 -0.930406 0.329364 -0.160823 -1.453100 0.000000 0.000000 0.000000 1.000000
0.359342 0.657723 -0.662022 12.584900 -0.121925 -0.670236 -0.732064 11.395200 -0.925207 0.343779 -0.160651 -1.453100 0.000000 0.000000 0.000000 1.000000
0.355607 0.682240 -0.638821 12.584900 -0.115839 -0.646055 -0.754449 11.395200 -0.927429 0.342288 -0.150712 -1.453100 0.000000 0.000000 0.000000 1.000000
0.305089 0.696604 -0.649356 12.584900 -0.110298 -0.651429 -0.750649 11.395200 -0.945915 0.300638 -0.121910 -1.453100 0.000000 0.000000 0.000000 1.000000
0.265644 0.745118 -0.611746 12.584900 -0.107341 -0.607739 -0.786849 11.395200 -0.958077 0.274687 -0.081461 -1.453100 0.000000 0.000000 0.000000 1.000000</float_array>
        <technique_common>
          <accessor source="#mixamorig_LeftShoulder-Matrix-animation-output-transform-array" count="22" stride="16">
            <param type="float4x4"/>
          </accessor>
        </technique_common>
      </source>
      <source id="mixamorig_LeftShoulder-Interpolations">
        <Name_array id="mixamorig_LeftShoulder-Interpolations-array" count="22">
 LINEAR LINEAR LINEAR LINEAR LINEAR LINEAR LINEAR LINEAR LINEAR LINEAR LINEAR
LINEAR LINEAR LINEAR LINEAR LINEAR LINEAR LINEAR LINEAR LINEAR LINEAR LINEAR</Name_array>
        <technique_common>
          <accessor source="#mixamorig_LeftShoulder-Interpolations-array" count="22">
            <param type="name"/>
          </accessor>
        </technique_common>
      </source>
      <sampler id="mixamorig_LeftShoulder-Matrix-animation-transform">
        <input semantic="INPUT" source="#mixamorig_LeftShoulder-Matrix-animation-input"/>
        <input semantic="OUTPUT" source="#mixamorig_LeftShoulder-Matrix-animation-output-transform"/>
        <input semantic="INTERPOLATION" source="#mixamorig_LeftShoulder-Interpolations"/>
      </sampler>
      <channel source="#mixamorig_LeftShoulder-Matrix-animation-transform" target="mixamorig_LeftShoulder/matrix"/>
    </animation>
    <animation id="mixamorig_LeftArm-anim" name="mixamorig_LeftArm">
      <source id="mixamorig_LeftArm-Matrix-animation-input">
        <float_array id="mixamorig_LeftArm-Matrix-animation-input-array" count="22">

0.000000 0.033333 0.066667 0.100000 0.133333 0.166667 0.200000 0.233333 0.266667 0.300000 0.333333 0.366667 0.400000 0.433333 0.466667 0.500000
0.533333 0.566667 0.600000 0.633333 0.666667 0.700000</float_array>
        <technique_common>
          <accessor source="#mixamorig_LeftArm-Matrix-animation-input-array" count="22">
            <param name="TIME" type="float"/>
          </accessor>
        </technique_common>
      </source>
      <source id="mixamorig_LeftArm-Matrix-animation-output-transform">
        <float_array id="mixamorig_LeftArm-Matrix-animation-output-transform-array" count="352">

0.802657 0.588738 -0.095549 -0.000000 -0.510251 0.594845 -0.621131 15.319300 -0.308847 0.547309 0.777860 -0.000000 0.000000 0.000000 0.000000 1.000000
0.774039 0.632956 0.015185 -0.000000 -0.485866 0.609199 -0.626746 15.319300 -0.405954 0.477748 0.779075 0.000000 0.000000 0.000000 0.000000 1.000000
0.711774 0.691789 0.121678 0.000000 -0.508732 0.627166 -0.589792 15.319300 -0.484324 0.357898 0.798336 0.000000 0.000000 0.000000 0.000000 1.000000
0.634674 0.748965 0.190369 0.000000 -0.588471 0.628081 -0.509133 15.319300 -0.500890 0.211107 0.839371 0.000000 0.000000 0.000000 0.000000 1.000000
0.611020 0.754828 0.238514 0.000000 -0.643760 0.649148 -0.405191 15.319300 -0.460681 0.094034 0.882571 0.000000 0.000000 0.000000 0.000000 1.000000
0.664827 0.712620 0.224005 0.000000 -0.621964 0.694157 -0.362363 15.319300 -0.413721 0.101586 0.904718 -0.000000 0.000000 0.000000 0.000000 1.000000
0.726369 0.671836 0.145000 -0.000000 -0.581727 0.713307 -0.390879 15.319300 -0.366036 0.199572 0.908949 -0.000000 0.000000 0.000000 0.000000 1.000000
0.807343 0.581363 0.101069 0.000000 -0.510456 0.774004 -0.374638 15.319300 -0.296028 0.250870 0.921646 0.000000 0.000000 0.000000 0.000000 1.000000
0.898815 0.430140 0.084325 0.000000 -0.375382 0.854692 -0.358595 15.319300 -0.226318 0.290657 0.929677 0.000000 0.000000 0.000000 0.000000 1.000000
0.964990 0.255172 0.060676 -0.000000 -0.225422 0.925124 -0.305500 15.319300 -0.134088 0.281126 0.950257 0.000000 0.000000 0.000000 0.000000 1.000000
