<?xml version="1.0" encoding="utf-8"?>
<COLLADA xmlns="http://www.collada.org/2005/11/COLLADASchema" version="1.4.1">
  <asset>
    <contributor>
      <author>Mixamo</author>
      <authoring_tool>COLLADA Mixamo exporter</authoring_tool>
      <comments/>
    </contributor>
    <created>2024-02-12T07:24:21Z</created>
    <modified>2024-02-12T07:24:21Z</modified>
    <revision/>
    <title/>
    <unit meter="0.010000"/>
    <up_axis>Y_UP</up_axis>
  </asset>
  <library_animations>
    <animation id="mixamorig_Hips-anim" name="mixamorig_Hips">
      <source id="mixamorig_Hips-Matrix-animation-input">
        <float_array id="mixamorig_Hips-Matrix-animation-input-array" count="284">

0.000000 0.033333 0.066667 0.100000 0.133333 0.166667 0.200000 0.233333 0.266667 0.300000 0.333333 0.366667 0.400000 0.433333 0.466667 0.500000
0.533333 0.566667 0.600000 0.633333 0.666667 0.700000 0.733333 0.766667 0.800000 0.833333 0.866667 0.900000 0.933333 0.966667 1.000000 1.033333
1.066667 1.100000 1.133333 1.166667 1.200000 1.233333 1.266667 1.300000 1.333333 1.366667 1.400000 1.433333 1.466667 1.500000 1.533333 1.566667
1.600000 1.633333 1.666667 1.700000 1.733333 1.766667 1.800000 1.833333 1.866667 1.900000 1.933333 1.966667 2.000000 2.033333 2.066667 2.100000
2.133333 2.166667 2.200000 2.233333 2.266667 2.300000 2.333333 2.366667 2.400000 2.433333 2.466667 2.500000 2.533333 2.566667 2.600000 2.633333
2.666667 2.700000 2.733333 2.766667 2.800000 2.833333 2.866667 2.900000 2.933333 2.966667 3.000000 3.033333 3.066667 3.100000 3.133333 3.166667
3.200000 3.233333 3.266667 3.300000 3.333333 3.366667 3.400000 3.433333 3.466667 3.500000 3.533333 3.566667 3.600000 3.633333 3.666667 3.700000
3.733333 3.766667 3.800000 3.833333 3.866667 3.900000 3.933333 3.966667 4.000000 4.033333 4.066667 4.100000 4.133333 4.166667 4.200000 4.233333
4.266667 4.300000 4.333333 4.366667 4.400000 4.433333 4.466667 4.500000 4.533333 4.566667 4.600000 4.633333 4.666667 4.700000 4.733333 4.766667
4.800000 4.833333 4.866667 4.900000 4.933333 4.966667 5.000000 5.033333 5.066667 5.100000 5.133333 5.166667 5.200000 5.233333 5.266667 5.300000
5.333333 5.366667 5.400000 5.433333 5.466667 5.500000 5.533333 5.566667 5.600000 5.633333 5.666667 5.700000 5.733333 5.766667 5.800000 5.833333
5.866667 5.900000 5.933333 5.966667 6.000000 6.033333 6.066667 6.100000 6.133333 6.166667 6.200000 6.233333 6.266667 6.300000 6.333333 6.366667
6.400000 6.433333 6.466667 6.500000 6.533333 6.566667 6.600000 6.633333 6.666667 6.700000 6.733333 6.766667 6.800000 6.833333 6.866667 6.900000
6.933333 6.966667 7.000000 7.033333 7.066667 7.100000 7.133333 7.166667 7.200000 7.233333 7.266667 7.300000 7.333333 7.366667 7.400000 7.433333
7.466667 7.500000 7.533333 7.566667 7.600000 7.633333 7.666667 7.700000 7.733333 7.766667 7.800000 7.833333 7.866667 7.900000 7.933333 7.966667
8.000000 8.033333 8.066667 8.100000 8.133333 8.166667 8.200000 8.233333 8.266667 8.300000 8.333333 8.366667 8.400000 8.433333 8.466667 8.500000
8.533333 8.566667 8.600000 8.633333 8.666667 8.700000 8.733333 8.766667 8.800000 8.833333 8.866667 8.900000 8.933333 8.966667 9.000000 9.033333
9.066667 9.100000 9.133333 9.166667 9.200000 9.233333 9.266667 9.300000 9.333333 9.366667 9.400000 9.433333</float_array>
        <technique_common>
          <accessor source="#mixamorig_Hips-Matrix-animation-input-array" count="284">
            <param name="TIME" type="float"/>
          </accessor>
        </technique_common>
      </source>
      <source id="mixamorig_Hips-Matrix-animation-output-transform">
        <float_array id="mixamorig_Hips-Matrix-animation-output-transform-array" count="4544">

0.889608 -0.148924 -0.431762 -0.381726 0.149844 0.988188 -0.032105 102.039154 0.431444 -0.036136 0.901416 0.891123 0.000000 0.000000 0.000000 1.000000
0.838287 -0.173724 -0.516812 -0.190779 0.187840 0.981872 -0.025369 99.516449 0.511850 -0.075812 0.855723 1.259037 0.000000 0.000000 0.000000 1.000000
0.777624 -0.194678 -0.597831 0.050918 0.225735 0.973905 -0.023519 97.046478 0.586809 -0.116662 0.801277 1.823483 0.000000 0.000000 0.000000 1.000000
0.704666 -0.213464 -0.676667 0.376255 0.270124 0.962566 -0.022353 94.611725 0.656109 -0.167033 0.735949 2.716414 0.000000 0.000000 0.000000 1.000000
0.630490 -0.224410 -0.743049 0.732958 0.310132 0.950394 -0.023878 92.207008 0.711548 -0.215389 0.668811 3.448211 0.000000 0.000000 0.000000 1.000000
0.556821 -0.228241 -0.798659 1.114457 0.344524 0.938361 -0.027965 89.823868 0.755813 -0.259585 0.601134 4.023830 0.000000 0.000000 0.000000 1.000000
0.512783 -0.224059 -0.828765 1.430365 0.358940 0.932875 -0.030117 88.046822 0.779882 -0.282033 0.558786 4.381836 0.000000 0.000000 0.000000 1.000000
0.500534 -0.217381 -0.837980 1.680681 0.362686 0.931575 -0.025025 86.875877 0.786082 -0.291398 0.545126 4.522230 0.000000 0.000000 0.000000 1.000000
0.508562 -0.208977 -0.835280 1.817721 0.358758 0.933309 -0.015072 86.019516 0.782724 -0.291998 0.549618 4.694593 0.000000 0.000000 0.000000 1.000000
0.557950 -0.200831 -0.805207 1.538453 0.339331 0.940667 0.000515 86.434181 0.757329 -0.273519 0.592993 4.888264 0.000000 0.000000 0.000000 1.000000
0.645170 -0.192172 -0.739477 0.813028 0.314885 0.948712 0.028180 87.821205 0.696135 -0.251031 0.672592 5.101145 0.000000 0.000000 0.000000 1.000000
0.742646 -0.177739 -0.645667 -0.147222 0.281858 0.957540 0.060602 89.525017 0.607480 -0.226992 0.761211 5.445893 0.000000 0.000000 0.000000 1.000000
0.830127 -0.152754 -0.536242 -1.134435 0.229997 0.969918 0.079756 91.315277 0.507928 -0.189542 0.840288 5.807062 0.000000 0.000000 0.000000 1.000000
0.901152 -0.115127 -0.417935 -2.115218 0.163456 0.983169 0.081615 93.031799 0.401505 -0.141861 0.904803 6.162957 0.000000 0.000000 0.000000 1.000000
0.951942 -0.065315 -0.299233 -3.056177 0.088730 0.993911 0.065329 94.514336 0.293144 -0.088740 0.951941 6.491885 0.000000 0.000000 0.000000 1.000000
0.982042 -0.006710 -0.188543 -3.923920 0.013305 0.999342 0.033737 95.602699 0.188193 -0.035640 0.981485 6.772153 0.000000 0.000000 0.000000 1.000000
0.994404 0.051827 -0.092059 -4.666941 -0.052266 0.998630 -0.002357 95.699203 0.091811 0.007155 0.995751 6.953767 0.000000 0.000000 0.000000 1.000000
0.996109 0.085848 -0.019901 -5.126568 -0.086181 0.996143 -0.016496 93.401817 0.018408 0.018147 0.999666 6.905916 0.000000 0.000000 0.000000 1.000000
0.995613 0.093561 -0.000668 -5.208843 -0.093550 0.995331 -0.023768 91.647278 -0.001559 0.023726 0.999717 6.733656 0.000000 0.000000 0.000000 1.000000
0.995892 0.086719 -0.026065 -5.045032 -0.087621 0.995512 -0.035745 91.561234 0.022848 0.037882 0.999021 6.526532 0.000000 0.000000 0.000000 1.000000
0.995327 0.072885 -0.063345 -4.820122 -0.075952 0.995982 -0.047437 91.817467 0.059633 0.052027 0.996864 6.289332 0.000000 0.000000 0.000000 1.000000
0.992592 0.053455 -0.109105 -4.536993 -0.060241 0.996386 -0.059876 92.265976 0.105510 0.066005 0.992225 6.035022 0.000000 0.000000 0.000000 1.000000
0.986673 0.030030 -0.159917 -4.198531 -0.042294 0.996372 -0.073848 92.756775 0.157120 0.079627 0.984364 5.776567 0.000000 0.000000 0.000000 1.000000
0.977174 0.004420 -0.212393 -3.807617 -0.023991 0.995684 -0.089659 93.139847 0.211080 0.092708 0.973062 5.526932 0.000000 0.000000 0.000000 1.000000
0.964478 -0.021371 -0.263297 -3.367136 -0.007189 0.994230 -0.107033 93.265198 0.264065 0.105123 0.958759 5.299084 0.000000 0.000000 0.000000 1.000000
0.948635 -0.046587 -0.312923 -2.817382 0.007360 0.992081 -0.125383 92.868469 0.316286 0.116640 0.941466 5.129776 0.000000 0.000000 0.000000 1.000000
0.924914 -0.075765 -0.372549 -1.921312 0.022401 0.989099 -0.145539 91.476685 0.379515 0.126266 0.916529 5.092443 0.000000 0.000000 0.000000 1.000000
0.897021 -0.103431 -0.429715 -0.965782 0.033844 0.985453 -0.166546 89.753899 0.440690 0.134852 0.887473 5.013598 0.000000 0.000000 0.000000 1.000000
0.874204 -0.121064 -0.470225 -0.305222 0.036511 0.982067 -0.184965 88.415268 0.484185 0.144528 0.862947 4.663929 0.000000 0.000000 0.000000 1.000000
0.861183 -0.123992 -0.492939 0.036373 0.027869 0.979850 -0.197780 87.329613 0.507530 0.156588 0.847286 3.959362 0.000000 0.000000 0.000000 1.000000
0.855299 -0.119577 -0.504147 0.340109 0.016006 0.978638 -0.204965 86.640137 0.517887 0.167237 0.838943 3.280910 0.000000 0.000000 0.000000 1.000000
0.867513 -0.101081 -0.487036 0.358458 0.000440 0.979290 -0.202463 87.315613 0.497414 0.175425 0.849591 2.779737 0.000000 0.000000 0.000000 1.000000
0.881829 -0.080387 -0.464668 0.321573 -0.015859 0.979751 -0.199593 88.202614 0.471303 0.183376 0.862697 2.339443 0.000000 0.000000 0.000000 1.000000
0.902612 -0.054471 -0.426994 0.148933 -0.033378 0.980118 -0.195590 89.567848 0.429158 0.190794 0.882848 2.145499 0.000000 0.000000 0.000000 1.000000
0.927685 -0.023085 -0.372649 -0.166088 -0.052487 0.980112 -0.191379 91.440445 0.369656 0.197098 0.908024 2.203373 0.000000 0.000000 0.000000 1.000000
0.949733 0.009627 -0.312912 -0.501010 -0.072239 0.979292 -0.189127 93.369217 0.304612 0.202225 0.930761 2.292972 0.000000 0.000000 0.000000 1.000000
0.969076 0.042089 -0.243147 -0.784435 -0.089831 0.977909 -0.188747 94.693344 0.229831 0.204752 0.951449 2.265474 0.000000 0.000000 0.000000 1.000000
0.981700 0.071561 -0.176474 -1.037896 -0.105513 0.975856 -0.191240 95.134018 0.158528 0.206361 0.965549 2.267291 0.000000 0.000000 0.000000 1.000000
0.987571 0.093839 -0.126089 -1.203125 -0.117534 0.973526 -0.196040 93.883636 0.104355 0.208424 0.972455 2.435913 0.000000 0.000000 0.000000 1.000000
0.990164 0.113396 -0.081955 -1.331016 -0.127912 0.971024 -0.201870 92.113594 0.056689 0.210367 0.975978 2.649536 0.000000 0.000000 0.000000 1.000000
0.990679 0.124412 -0.055466 -1.322383 -0.133287 0.969357 -0.206355 90.075882 0.028093 0.211824 0.976904 2.835559 0.000000 0.000000 0.000000 1.000000
0.990765 0.127760 -0.045414 -1.190924 -0.134457 0.968972 -0.207400 88.600891 0.017508 0.211590 0.977202 2.943748 0.000000 0.000000 0.000000 1.000000
0.990857 0.121586 -0.058475 -0.927682 -0.131047 0.970404 -0.202835 88.081383 0.032082 0.208644 0.977465 3.032174 0.000000 0.000000 0.000000 1.000000
0.990055 0.108069 -0.090068 -0.581607 -0.123836 0.973261 -0.193462 88.322350 0.066753 0.202692 0.976965 3.146224 0.000000 0.000000 0.000000 1.000000
0.985609 0.086111 -0.145467 -0.154108 -0.111706 0.977646 -0.178128 89.713043 0.126876 0.191814 0.973196 3.275084 0.000000 0.000000 0.000000 1.000000
0.975521 0.060454 -0.211432 0.300659 -0.095885 0.982193 -0.161567 91.338135 0.197900 0.177885 0.963946 3.457413 0.000000 0.000000 0.000000 1.000000
0.957113 0.027673 -0.288391 0.750640 -0.072287 0.986755 -0.145220 92.307762 0.280552 0.159839 0.946436 3.856904 0.000000 0.000000 0.000000 1.000000
0.925987 -0.011009 -0.377395 1.200186 -0.041894 0.990406 -0.131684 92.744049 0.375224 0.137749 0.916642 4.473539 0.000000 0.000000 0.000000 1.000000
0.884128 -0.048875 -0.464681 1.653786 -0.009734 0.992372 -0.122898 92.763496 0.467143 0.113181 0.876908 5.143730 0.000000 0.000000 0.000000 1.000000
0.835046 -0.085820 -0.543446 2.131752 0.025112 0.992675 -0.118174 91.848640 0.549607 0.085034 0.831085 5.866075 0.000000 0.000000 0.000000 1.000000
0.784951 -0.118291 -0.608161 2.524869 0.058853 0.991402 -0.116871 90.589798 0.616756 0.055946 0.785163 6.366695 0.000000 0.000000 0.000000 1.000000
0.743220 -0.143474 -0.653483 2.738299 0.088990 0.989257 -0.115984 89.296333 0.663103 0.028049 0.748003 6.505625 0.000000 0.000000 0.000000 1.000000
0.716419 -0.158992 -0.679312 2.678344 0.112389 0.987271 -0.112541 88.248749 0.688558 0.004280 0.725169 6.518892 0.000000 0.000000 0.000000 1.000000
0.714399 -0.163282 -0.680422 2.150536 0.128123 0.986478 -0.102206 88.157951 0.687909 -0.014161 0.725659 6.673925 0.000000 0.000000 0.000000 1.000000
0.719471 -0.164322 -0.674803 1.515742 0.141383 0.985915 -0.089340 88.400497 0.679980 -0.031128 0.732570 6.880847 0.000000 0.000000 0.000000 1.000000
0.749507 -0.153676 -0.643912 0.557900 0.144512 0.987205 -0.067396 89.865631 0.646030 -0.042539 0.762126 7.275973 0.000000 0.000000 0.000000 1.000000
0.792213 -0.132115 -0.595772 -0.455681 0.134332 0.990091 -0.040932 91.851189 0.595276 -0.047605 0.802110 7.905412 0.000000 0.000000 0.000000 1.000000
0.836624 -0.105831 -0.537457 -1.458094 0.115767 0.993158 -0.015357 93.873283 0.535405 -0.049371 0.843152 8.647873 0.000000 0.000000 0.000000 1.000000
0.880894 -0.075876 -0.467192 -2.395109 0.089849 0.995926 0.007663 95.594910 0.464708 -0.048727 0.884122 9.420033 0.000000 0.000000 0.000000 1.000000
0.923256 -0.042596 -0.381818 -3.243258 0.058344 0.997853 0.029757 96.715141 0.379730 -0.049750 0.923758 10.086935 0.000000 0.000000 0.000000 1.000000
0.951249 -0.013436 -0.308133 -3.936155 0.029415 0.998449 0.047268 97.036896 0.307020 -0.054028 0.950168 10.545221 0.000000 0.000000 0.000000 1.000000
0.965416 0.008138 -0.260587 -4.417675 0.008661 0.997960 0.063252 96.203743 0.260570 -0.063321 0.963376 10.707488 0.000000 0.000000 0.000000 1.000000
0.975467 0.027448 -0.218429 -4.841272 -0.010512 0.996873 0.078323 94.978775 0.219895 -0.074106 0.972705 10.785159 0.000000 0.000000 0.000000 1.000000
0.982243 0.043909 -0.182403 -5.222050 -0.027288 0.995325 0.092651 93.646500 0.185618 -0.086029 0.978849 10.810188 0.000000 0.000000 0.000000 1.000000
0.986545 0.057064 -0.153207 -5.575111 -0.040936 0.993477 0.106434 92.491417 0.158281 -0.098730 0.982446 10.814528 0.000000 0.000000 0.000000 1.000000
0.987614 0.062777 -0.143794 -5.865282 -0.045377 0.991586 0.121238 92.030449 0.150195 -0.113211 0.982153 10.783912 0.000000 0.000000 0.000000 1.000000
0.981396 0.053570 -0.184370 -5.975079 -0.027755 0.989784 0.139849 92.805466 0.189978 -0.132130 0.972857 10.630823 0.000000 0.000000 0.000000 1.000000
0.968508 0.040356 -0.245688 -6.044096 -0.001817 0.987896 0.155107 94.082718 0.248974 -0.149776 0.956859 10.651281 0.000000 0.000000 0.000000 1.000000
0.947525 0.024895 -0.318711 -6.056577 0.030123 0.985575 0.166540 95.530304 0.318260 -0.167401 0.933106 10.706141 0.000000 0.000000 0.000000 1.000000
0.912545 0.004441 -0.408952 -5.961079 0.073174 0.982032 0.173947 96.974152 0.402377 -0.188660 0.895824 10.729012 0.000000 0.000000 0.000000 1.000000
0.865732 -0.018970 -0.500148 -5.655690 0.127474 0.974685 0.183683 97.407784 0.484002 -0.222776 0.846234 10.868727 0.000000 0.000000 0.000000 1.000000
0.808088 -0.037446 -0.587871 -5.230035 0.181706 0.965157 0.188294 97.243446 0.560337 -0.258978 0.786736 11.101905 0.000000 0.000000 0.000000 1.000000
0.742211 -0.048100 -0.668437 -4.786931 0.227473 0.956288 0.183765 96.929466 0.630380 -0.288443 0.720709 11.351711 0.000000 0.000000 0.000000 1.000000
0.673494 -0.052099 -0.737354 -4.370482 0.262289 0.949449 0.172488 96.552177 0.691093 -0.309569 0.653113 11.592254 0.000000 0.000000 0.000000 1.000000
0.629145 -0.053377 -0.775453 -4.100301 0.290806 0.941351 0.171143 95.696152 0.720839 -0.333180 0.607769 11.789228 0.000000 0.000000 0.000000 1.000000
0.613679 -0.050021 -0.787969 -4.068036 0.304607 0.935730 0.177831 95.320610 0.728431 -0.349152 0.589475 11.859430 0.000000 0.000000 0.000000 1.000000
0.607554 -0.045684 -0.792964 -4.113394 0.314106 0.930782 0.187038 95.104095 0.729531 -0.362710 0.579849 11.924521 0.000000 0.000000 0.000000 1.000000
0.620831 -0.040879 -0.782878 -4.327706 0.313546 0.928234 0.200176 95.239838 0.718511 -0.369744 0.589094 12.128244 0.000000 0.000000 0.000000 1.000000
0.661760 -0.034921 -0.748902 -4.787286 0.296110 0.929874 0.218295 95.897194 0.688761 -0.366217 0.625694 12.514935 0.000000 0.000000 0.000000 1.000000
0.714978 -0.023189 -0.698762 -5.233617 0.265857 0.933389 0.241051 96.523994 0.646627 -0.358117 0.673517 12.794114 0.000000 0.000000 0.000000 1.000000
0.770454 -0.005675 -0.637470 -5.592071 0.225274 0.937869 0.263919 96.905228 0.596366 -0.346944 0.723863 12.892923 0.000000 0.000000 0.000000 1.000000
0.820752 0.015547 -0.571074 -5.940922 0.177033 0.943500 0.280119 97.252876 0.543163 -0.331007 0.771627 12.973679 0.000000 0.000000 0.000000 1.000000
0.863802 0.040727 -0.502182 -6.257739 0.123271 0.949350 0.289031 97.410637 0.488518 -0.311571 0.815030 13.013391 0.000000 0.000000 0.000000 1.000000
0.898372 0.069397 -0.433719 -6.520092 0.066788 0.954376 0.291043 97.222160 0.434129 -0.290432 0.852749 12.989070 0.000000 0.000000 0.000000 1.000000
0.921204 0.096985 -0.376798 -6.492727 0.019960 0.955380 0.294706 95.200386 0.388567 -0.279005 0.878164 12.607957 0.000000 0.000000 0.000000 1.000000
0.935637 0.122387 -0.331065 -6.351191 -0.019481 0.954437 0.297776 92.773201 0.352425 -0.272161 0.895391 12.168662 0.000000 0.000000 0.000000 1.000000
0.933569 0.120139 -0.337663 -6.377135 -0.012701 0.952642 0.303830 92.742783 0.358174 -0.279357 0.890882 12.136342 0.000000 0.000000 0.000000 1.000000
0.931594 0.118220 -0.343740 -6.432678 -0.006440 0.950856 0.309566 92.810280 0.363444 -0.286176 0.886573 12.116980 0.000000 0.000000 0.000000 1.000000
0.928529 0.114735 -0.353085 -6.482073 0.002710 0.948928 0.315481 92.957405 0.371249 -0.293890 0.880797 12.111932 0.000000 0.000000 0.000000 1.000000
0.922926 0.108003 -0.369516 -6.489572 0.018048 0.946647 0.321768 93.165871 0.384553 -0.303637 0.871736 12.122552 0.000000 0.000000 0.000000 1.000000
0.912781 0.096704 -0.396836 -6.419426 0.042616 0.943718 0.327996 93.417404 0.406219 -0.316300 0.857287 12.150195 0.000000 0.000000 0.000000 1.000000
0.886782 0.072638 -0.456444 -6.140856 0.093572 0.938906 0.331210 93.904716 0.452617 -0.336421 0.825808 12.248116 0.000000 0.000000 0.000000 1.000000
0.840286 0.042162 -0.540502 -5.680413 0.161420 0.932298 0.323673 94.539818 0.517555 -0.359226 0.776591 12.391136 0.000000 0.000000 0.000000 1.000000
0.783907 0.017791 -0.620623 -5.068221 0.223021 0.924808 0.308207 94.502899 0.579440 -0.380018 0.720996 12.380196 0.000000 0.000000 0.000000 1.000000
0.719605 -0.000460 -0.694384 -4.246744 0.278109 0.916482 0.287604 93.610451 0.636258 -0.400075 0.659633 12.185687 0.000000 0.000000 0.000000 1.000000
0.664990 -0.012903 -0.746741 -3.485463 0.316494 0.910503 0.266113 92.543335 0.676476 -0.413302 0.609559 11.894612 0.000000 0.000000 0.000000 1.000000
0.618133 -0.022567 -0.785749 -2.822766 0.342904 0.907208 0.243700 91.573074 0.707339 -0.420076 0.568514 11.531734 0.000000 0.000000 0.000000 1.000000
0.593479 -0.029271 -0.804317 -2.333663 0.352489 0.907854 0.227051 90.991837 0.723556 -0.418263 0.549110 11.062811 0.000000 0.000000 0.000000 1.000000
0.577007 -0.034863 -0.815995 -1.870286 0.355582 0.910156 0.212553 90.530769 0.735272 -0.412797 0.537563 10.613125 0.000000 0.000000 0.000000 1.000000
0.594187 -0.035457 -0.803545 -1.476234 0.336185 0.918525 0.208064 90.506676 0.730699 -0.393769 0.557696 10.299287 0.000000 0.000000 0.000000 1.000000
0.642794 -0.030466 -0.765433 -1.322997 0.296078 0.931438 0.211566 91.116684 0.706508 -0.362621 0.607743 10.150052 0.000000 0.000000 0.000000 1.000000
0.700841 -0.018725 -0.713071 -1.344059 0.242732 0.946258 0.213720 92.112717 0.670748 -0.322869 0.667722 10.065332 0.000000 0.000000 0.000000 1.000000
0.759255 -0.002349 -0.650789 -1.549927 0.184215 0.959871 0.211453 93.393867 0.624177 -0.280432 0.729220 9.995515 0.000000 0.000000 0.000000 1.000000
0.819001 0.013490 -0.573633 -2.037949 0.128593 0.969979 0.206408 94.830513 0.559197 -0.242813 0.792679 9.920014 0.000000 0.000000 0.000000 1.000000
0.872963 0.030937 -0.486804 -2.566885 0.074917 0.977642 0.196477 95.679680 0.481998 -0.207987 0.851128 9.802374 0.000000 0.000000 0.000000 1.000000
0.915027 0.052162 -0.400006 -2.902164 0.023937 0.982836 0.182920 95.433556 0.402682 -0.176952 0.898073 9.603016 0.000000 0.000000 0.000000 1.000000
0.942716 0.071091 -0.325934 -3.018209 -0.016717 0.985869 0.166681 94.361031 0.333178 -0.151684 0.930583 9.262522 0.000000 0.000000 0.000000 1.000000
0.957271 0.080674 -0.277713 -2.886682 -0.038742 0.987420 0.153298 92.869659 0.286587 -0.135988 0.948354 8.764021 0.000000 0.000000 0.000000 1.000000
0.960860 0.078484 -0.265686 -2.595336 -0.040946 0.988732 0.143990 92.179085 0.273993 -0.127476 0.953246 8.181927 0.000000 0.000000 0.000000 1.000000
0.961986 0.072637 -0.263261 -2.253380 -0.037413 0.989943 0.136428 91.648430 0.270523 -0.121393 0.955029 7.571347 0.000000 0.000000 0.000000 1.000000
0.960844 0.064409 -0.269499 -1.896075 -0.030108 0.991119 0.129528 91.370087 0.275449 -0.116342 0.954250 6.962694 0.000000 0.000000 0.000000 1.000000
0.955092 0.053339 -0.291468 -1.554918 -0.018041 0.992308 0.122475 91.716286 0.295759 -0.111717 0.948708 6.392519 0.000000 0.000000 0.000000 1.000000
0.937231 0.033778 -0.347069 -1.192373 0.006308 0.993492 0.113723 93.182388 0.348651 -0.108774 0.930919 5.876101 0.000000 0.000000 0.000000 1.000000
0.914030 0.007267 -0.405582 -0.709673 0.035526 0.994564 0.097883 94.188225 0.404089 -0.103877 0.908802 5.369466 0.000000 0.000000 0.000000 1.000000
0.883129 -0.022111 -0.468609 0.051795 0.065156 0.994989 0.075844 94.428711 0.464584 -0.097512 0.880144 4.969277 0.000000 0.000000 0.000000 1.000000
0.845445 -0.049340 -0.531778 1.031794 0.089650 0.994705 0.050238 93.601814 0.526483 -0.090147 0.845393 4.738668 0.000000 0.000000 0.000000 1.000000
0.803266 -0.076252 -0.590719 2.039335 0.110067 0.993694 0.021401 92.551552 0.585362 -0.082209 0.806594 4.531169 0.000000 0.000000 0.000000 1.000000
0.763742 -0.100018 -0.637726 2.901491 0.123105 0.992360 -0.008206 91.499809 0.633674 -0.072240 0.770219 4.219825 0.000000 0.000000 0.000000 1.000000
0.738700 -0.115637 -0.664041 3.457569 0.125787 0.991517 -0.032734 90.568756 0.662194 -0.059347 0.746979 3.722823 0.000000 0.000000 0.000000 1.000000
0.730130 -0.123517 -0.672052 3.740443 0.122445 0.991257 -0.049158 89.975906 0.672249 -0.046398 0.738870 3.239747 0.000000 0.000000 0.000000 1.000000
0.739084 -0.122843 -0.662317 3.752625 0.114034 0.991857 -0.056712 89.728157 0.663891 -0.033611 0.747074 2.924799 0.000000 0.000000 0.000000 1.000000
0.769232 -0.111092 -0.629239 3.431060 0.098908 0.993603 -0.054507 90.213196 0.631268 -0.020309 0.775298 2.796356 0.000000 0.000000 0.000000 1.000000
0.808763 -0.092260 -0.580853 2.928049 0.079251 0.995708 -0.047808 91.311951 0.582770 -0.007368 0.812604 2.721529 0.000000 0.000000 0.000000 1.000000
0.854047 -0.067005 -0.515862 2.251938 0.056325 0.997751 -0.036347 93.256226 0.517138 0.001986 0.855900 2.673477 0.000000 0.000000 0.000000 1.000000
0.896301 -0.038389 -0.441782 1.554065 0.030234 0.999218 -0.025488 95.332573 0.442414 0.009488 0.896761 2.696842 0.000000 0.000000 0.000000 1.000000
0.932851 -0.006802 -0.360198 0.952912 0.001308 0.999879 -0.015494 97.236572 0.360259 0.013982 0.932747 2.915020 0.000000 0.000000 0.000000 1.000000
0.959873 0.021579 -0.279604 0.440858 -0.024586 0.999671 -0.007252 97.826302 0.279355 0.013836 0.960088 3.243228 0.000000 0.000000 0.000000 1.000000
0.978765 0.046991 -0.199527 -0.029772 -0.048248 0.998834 -0.001440 97.504135 0.199227 0.011037 0.979891 3.623664 0.000000 0.000000 0.000000 1.000000
0.989665 0.068638 -0.125908 -0.446658 -0.068932 0.997619 0.002023 96.860992 0.125747 0.006677 0.992040 3.967638 0.000000 0.000000 0.000000 1.000000
0.994058 0.083001 -0.070427 -0.774047 -0.082712 0.996549 0.007015 95.548866 0.070767 -0.001148 0.997492 4.166127 0.000000 0.000000 0.000000 1.000000
0.995424 0.086276 -0.041075 -0.830040 -0.085920 0.996248 0.010348 94.900635 0.041813 -0.006771 0.999102 4.315112 0.000000 0.000000 0.000000 1.000000
0.996158 0.083842 -0.025283 -0.721377 -0.083552 0.996427 0.012328 94.870911 0.026226 -0.010168 0.999604 4.469727 0.000000 0.000000 0.000000 1.000000
0.996745 0.078486 -0.018437 -0.534214 -0.078243 0.996842 0.013588 95.136589 0.019445 -0.012101 0.999738 4.564147 0.000000 0.000000 0.000000 1.000000
0.997051 0.064263 -0.041955 -0.108876 -0.063841 0.997896 0.011311 96.378616 0.042594 -0.008599 0.999055 4.381819 0.000000 0.000000 0.000000 1.000000
0.993446 0.047005 -0.104193 0.666383 -0.047232 0.998884 0.000290 96.540344 0.104090 0.004633 0.994557 4.398484 0.000000 0.000000 0.000000 1.000000
0.984967 0.027345 -0.170567 1.478037 -0.030181 0.999446 -0.014055 96.639900 0.170088 0.018992 0.985246 4.423677 0.000000 0.000000 0.000000 1.000000
0.971361 0.005738 -0.237539 2.318309 -0.013478 0.999429 -0.030972 96.588539 0.237226 0.033287 0.970884 4.480317 0.000000 0.000000 0.000000 1.000000
0.953232 -0.016909 -0.301766 3.179420 0.002100 0.998780 -0.049331 96.297546 0.302232 0.046391 0.952105 4.591320 0.000000 0.000000 0.000000 1.000000
0.931537 -0.038921 -0.361558 4.093073 0.015453 0.997594 -0.067577 95.452789 0.363318 0.057363 0.929897 4.818489 0.000000 0.000000 0.000000 1.000000
0.907565 -0.057569 -0.415948 5.127624 0.025016 0.996211 -0.083298 93.379593 0.419167 0.065193 0.905566 5.313143 0.000000 0.000000 0.000000 1.000000
0.891327 -0.071788 -0.447641 5.920037 0.033379 0.995095 -0.093119 91.522888 0.452131 0.068058 0.889351 5.904726 0.000000 0.000000 0.000000 1.000000
0.887479 -0.079933 -0.453864 6.396163 0.041000 0.994633 -0.095000 89.948914 0.459022 0.065702 0.885992 6.657211 0.000000 0.000000 0.000000 1.000000
0.895499 -0.086118 -0.436653 6.170476 0.051313 0.994536 -0.090911 89.357712 0.442097 0.059005 0.895025 8.128069 0.000000 0.000000 0.000000 1.000000
0.914312 -0.092864 -0.394220 5.479356 0.065678 0.994471 -0.081933 90.986046 0.399649 0.049020 0.915357 9.972300 0.000000 0.000000 0.000000 1.000000
0.936932 -0.101628 -0.334412 4.621516 0.083009 0.994119 -0.069543 94.281631 0.339512 0.037398 0.939858 11.927032 0.000000 0.000000 0.000000 1.000000
0.958295 -0.115507 -0.261398 4.200021 0.102350 0.992723 -0.063447 99.007172 0.266825 0.034047 0.963144 13.567941 0.000000 0.000000 0.000000 1.000000
0.973857 -0.130613 -0.185857 4.062818 0.121012 0.990704 -0.062144 103.879158 0.192246 0.038028 0.980610 15.055291 0.000000 0.000000 0.000000 1.000000
0.983356 -0.144363 -0.110322 3.988684 0.137729 0.988296 -0.065590 108.317322 0.118499 0.049304 0.991729 16.435560 0.000000 0.000000 0.000000 1.000000
0.986619 -0.157929 -0.040512 3.811481 0.154582 0.985087 -0.075551 111.778076 0.051840 0.068277 0.996319 17.801603 0.000000 0.000000 0.000000 1.000000
0.984970 -0.170997 0.024357 3.583774 0.172462 0.981398 -0.084345 114.865601 -0.009481 0.087278 0.996139 19.301399 0.000000 0.000000 0.000000 1.000000
0.980471 -0.177368 0.084951 3.505462 0.184858 0.978603 -0.090348 117.307449 -0.067109 0.104288 0.992280 20.815079 0.000000 0.000000 0.000000 1.000000
0.978854 -0.161056 0.126116 4.161255 0.173328 0.980442 -0.093225 116.752228 -0.108635 0.113113 0.987625 22.355852 0.000000 0.000000 0.000000 1.000000
0.975628 -0.153324 0.156978 4.841168 0.168348 0.981855 -0.087295 114.780167 -0.140745 0.111595 0.983737 23.546186 0.000000 0.000000 0.000000 1.000000
0.970916 -0.162942 0.175422 5.298243 0.177482 0.981591 -0.070558 111.594383 -0.160696 0.099640 0.981962 24.488058 0.000000 0.000000 0.000000 1.000000
0.967063 -0.182372 0.177566 5.655664 0.193565 0.979925 -0.047748 107.642479 -0.165294 0.080546 0.982950 25.125212 0.000000 0.000000 0.000000 1.000000
0.968027 -0.195700 0.156922 6.091518 0.202556 0.978847 -0.028798 104.403992 -0.147966 0.059663 0.987191 25.112196 0.000000 0.000000 0.000000 1.000000
0.969330 -0.207221 0.132130 6.543871 0.210402 0.977559 -0.010433 101.230606 -0.127003 0.037913 0.991177 24.990562 0.000000 0.000000 0.000000 1.000000
0.970433 -0.216522 0.106665 6.967810 0.217352 0.976085 0.003923 98.532776 -0.104963 0.019377 0.994287 24.861315 0.000000 0.000000 0.000000 1.000000
0.971112 -0.223496 0.083610 7.315515 0.223446 0.974664 0.010079 96.844009 -0.083744 0.008894 0.996448 24.814314 0.000000 0.000000 0.000000 1.000000
0.971721 -0.227719 0.062471 7.564816 0.227872 0.973679 0.004756 96.628235 -0.061909 0.009614 0.998035 24.834303 0.000000 0.000000 0.000000 1.000000
0.971908 -0.231284 0.043609 7.770550 0.231641 0.972796 -0.003249 96.669113 -0.041671 0.013260 0.999043 24.884806 0.000000 0.000000 0.000000 1.000000
0.971663 -0.232244 0.043975 7.716063 0.233076 0.972347 -0.014760 96.368324 -0.039331 0.024591 0.998924 25.087626 0.000000 0.000000 0.000000 1.000000
0.971382 -0.231139 0.054694 7.474112 0.232809 0.972166 -0.026349 95.510712 -0.047082 0.038328 0.998155 25.166147 0.000000 0.000000 0.000000 1.000000
0.971678 -0.225802 0.069676 7.125145 0.228519 0.972954 -0.033753 94.147835 -0.060170 0.048719 0.996998 24.954693 0.000000 0.000000 0.000000 1.000000
0.972490 -0.217811 0.082593 6.774489 0.221444 0.974447 -0.037622 92.620651 -0.072288 0.054877 0.995873 24.553383 0.000000 0.000000 0.000000 1.000000
0.974470 -0.207140 0.086607 6.465134 0.210775 0.976905 -0.035078 90.995750 -0.077341 0.052437 0.995625 23.829836 0.000000 0.000000 0.000000 1.000000
0.977495 -0.196641 0.076390 6.230270 0.199200 0.979576 -0.027394 89.615250 -0.069443 0.041995 0.996702 22.903515 0.000000 0.000000 0.000000 1.000000
0.981312 -0.186215 0.048488 6.098011 0.187133 0.982219 -0.015090 88.742455 -0.044816 0.023881 0.998710 21.935162 0.000000 0.000000 0.000000 1.000000
0.984504 -0.175336 0.003102 6.085010 0.175337 0.984508 0.000131 88.540543 -0.003077 0.000415 0.999995 21.092812 0.000000 0.000000 0.000000 1.000000
0.984552 -0.165667 -0.056671 6.200332 0.166814 0.985856 0.016126 89.073410 0.053198 -0.025330 0.998263 20.409431 0.000000 0.000000 0.000000 1.000000
0.979048 -0.159480 -0.126615 6.459375 0.164692 0.985834 0.031758 90.235954 0.119757 -0.051945 0.991443 19.797056 0.000000 0.000000 0.000000 1.000000
0.966595 -0.157281 -0.202376 6.867846 0.169786 0.984413 0.045878 91.712906 0.192006 -0.078706 0.978233 19.187790 0.000000 0.000000 0.000000 1.000000
0.947921 -0.154608 -0.278462 7.323034 0.177122 0.982511 0.057436 93.152672 0.264712 -0.103767 0.958728 18.575436 0.000000 0.000000 0.000000 1.000000
0.923874 -0.152194 -0.351132 7.768291 0.186082 0.980404 0.064663 94.248512 0.334410 -0.125080 0.934091 17.928785 0.000000 0.000000 0.000000 1.000000
0.898334 -0.149658 -0.413035 8.125954 0.194557 0.978489 0.068611 94.782440 0.393882 -0.141995 0.908127 17.190863 0.000000 0.000000 0.000000 1.000000
0.884169 -0.146464 -0.443614 8.140270 0.197524 0.977732 0.070878 94.145973 0.423355 -0.150292 0.893411 16.356131 0.000000 0.000000 0.000000 1.000000
0.874605 -0.142673 -0.463369 8.023322 0.198196 0.977430 0.073139 93.283951 0.442475 -0.155806 0.883142 15.499249 0.000000 0.000000 0.000000 1.000000
0.878694 -0.136120 -0.457568 7.541485 0.191793 0.978390 0.077253 92.554428 0.437164 -0.155640 0.885813 14.631445 0.000000 0.000000 0.000000 1.000000
0.901612 -0.125632 -0.413898 6.538489 0.174786 0.981107 0.082943 92.015350 0.395658 -0.147126 0.906537 13.748869 0.000000 0.000000 0.000000 1.000000
0.932860 -0.113532 -0.341882 5.285588 0.152601 0.984223 0.089548 92.546501 0.326322 -0.135707 0.935466 12.962007 0.000000 0.000000 0.000000 1.000000
0.967901 -0.100125 -0.230527 3.762697 0.124815 0.987611 0.095105 93.431435 0.218148 -0.120826 0.968407 12.524966 0.000000 0.000000 0.000000 1.000000
0.990414 -0.082819 -0.110550 2.202421 0.093363 0.991197 0.093870 94.290611 0.101803 -0.103291 0.989428 12.163602 0.000000 0.000000 0.000000 1.000000
0.997545 -0.063020 0.030542 0.523021 0.060161 0.994400 0.086882 94.629868 -0.035846 -0.084832 0.995750 12.240486 0.000000 0.000000 0.000000 1.000000
0.984623 -0.041439 0.169704 -1.025517 0.029291 0.996867 0.073478 94.458054 -0.172217 -0.067377 0.982752 12.510880 0.000000 0.000000 0.000000 1.000000
0.954064 -0.018136 0.299054 -2.462380 0.002085 0.998544 0.053902 94.014870 -0.299596 -0.050802 0.952713 12.776279 0.000000 0.000000 0.000000 1.000000
0.913992 0.001570 0.405730 -3.736992 -0.015983 0.999356 0.032137 93.098640 -0.405418 -0.035858 0.913428 12.948837 0.000000 0.000000 0.000000 1.000000
0.879986 0.013499 0.474808 -4.770507 -0.021519 0.999703 0.011460 91.969124 -0.474512 -0.020302 0.880015 12.918722 0.000000 0.000000 0.000000 1.000000
0.847683 0.025259 0.529901 -5.665315 -0.024357 0.999666 -0.008688 90.974190 -0.529943 -0.005542 0.848015 12.785761 0.000000 0.000000 0.000000 1.000000
0.839285 0.031051 0.542805 -5.967228 -0.021210 0.999478 -0.024381 90.749283 -0.543278 0.008950 0.839505 12.222490 0.000000 0.000000 0.000000 1.000000
0.850713 0.028736 0.524845 -5.780622 -0.011794 0.999297 -0.035596 91.433823 -0.525499 0.024091 0.850453 11.366165 0.000000 0.000000 0.000000 1.000000
0.878139 0.013344 0.478220 -5.184161 0.008395 0.999027 -0.043292 92.838852 -0.478333 0.042031 0.877172 10.416452 0.000000 0.000000 0.000000 1.000000
0.911645 -0.011865 0.410808 -4.287695 0.036182 0.998019 -0.051470 94.602150 -0.409383 0.061787 0.910268 9.468220 0.000000 0.000000 0.000000 1.000000
0.945357 -0.044665 0.322964 -3.038005 0.068488 0.995675 -0.062772 96.772751 -0.318763 0.081461 0.944327 8.448699 0.000000 0.000000 0.000000 1.000000
0.967368 -0.082574 0.239544 -1.759954 0.103002 0.991922 -0.074030 98.407677 -0.231496 0.096288 0.968059 7.707274 0.000000 0.000000 0.000000 1.000000
0.979056 -0.123443 0.161898 -0.520209 0.138817 0.986460 -0.087331 99.638077 -0.148926 0.107976 0.982936 7.165743 0.000000 0.000000 0.000000 1.000000
0.982329 -0.164427 0.089409 0.652368 0.173411 0.979316 -0.104253 100.574203 -0.070418 0.117915 0.990524 6.738750 0.000000 0.000000 0.000000 1.000000
0.979297 -0.199444 0.034626 1.532271 0.202190 0.972015 -0.119608 100.413010 -0.009802 0.124133 0.992217 6.697390 0.000000 0.000000 0.000000 1.000000
0.975294 -0.220512 0.013273 1.881250 0.220422 0.967375 -0.124902 98.580917 0.014703 0.124742 0.992080 7.200318 0.000000 0.000000 0.000000 1.000000
0.975003 -0.221371 0.019068 1.781907 0.222035 0.967513 -0.120906 97.653549 0.008317 0.122118 0.992481 7.560965 0.000000 0.000000 0.000000 1.000000
0.976842 -0.210300 0.039420 1.419860 0.213450 0.970563 -0.111565 97.419647 -0.014797 0.117395 0.992975 7.841723 0.000000 0.000000 0.000000 1.000000
0.978542 -0.195873 0.063947 0.997772 0.201620 0.974223 -0.101182 97.386436 -0.042480 0.111904 0.992811 8.123191 0.000000 0.000000 0.000000 1.000000
0.980615 -0.160556 0.112318 0.284167 0.170374 0.981789 -0.084040 98.525032 -0.096780 0.101547 0.990112 8.550090 0.000000 0.000000 0.000000 1.000000
0.977569 -0.120851 0.172490 -0.521604 0.134155 0.988650 -0.067631 99.468079 -0.162359 0.089255 0.982687 9.369982 0.000000 0.000000 0.000000 1.000000
0.967372 -0.082124 0.239683 -1.379068 0.098083 0.993634 -0.055411 99.651825 -0.233606 0.077112 0.969269 10.686477 0.000000 0.000000 0.000000 1.000000
0.950130 -0.047054 0.308285 -2.178981 0.064665 0.996792 -0.047152 98.943672 -0.305077 0.064736 0.950125 12.408984 0.000000 0.000000 0.000000 1.000000
0.928432 -0.017584 0.371087 -2.813405 0.034932 0.998586 -0.040077 97.821571 -0.369857 0.050172 0.927733 14.098313 0.000000 0.000000 0.000000 1.000000
0.906778 0.003079 0.421597 -3.139009 0.010882 0.999469 -0.030705 96.422684 -0.421468 0.032431 0.906263 15.443695 0.000000 0.000000 0.000000 1.000000
0.898403 0.009310 0.439074 -2.756256 -0.002778 0.999876 -0.015516 95.544403 -0.439163 0.012720 0.898317 15.784233 0.000000 0.000000 0.000000 1.000000
0.891155 0.013693 0.453492 -2.308807 -0.015337 0.999882 -0.000053 94.723419 -0.453439 -0.006908 0.891260 16.041901 0.000000 0.000000 0.000000 1.000000
0.889229 0.015011 0.457215 -1.774638 -0.026174 0.999494 0.018091 94.116295 -0.456712 -0.028055 0.889172 16.325680 0.000000 0.000000 0.000000 1.000000
0.905190 0.009460 0.424902 -0.958926 -0.032306 0.998391 0.046595 94.212585 -0.423778 -0.055904 0.904039 16.715105 0.000000 0.000000 0.000000 1.000000
0.928984 0.002169 0.370113 -0.080877 -0.034246 0.996197 0.080117 94.737625 -0.368532 -0.087102 0.925525 17.268959 0.000000 0.000000 0.000000 1.000000
0.958499 -0.009476 0.284939 0.719010 -0.023928 0.993247 0.113522 95.675598 -0.284091 -0.115629 0.951800 17.990561 0.000000 0.000000 0.000000 1.000000
0.980877 -0.017630 0.193829 1.519139 -0.010782 0.989437 0.144560 96.607040 -0.194330 -0.143886 0.970326 18.706013 0.000000 0.000000 0.000000 1.000000
0.995036 -0.025418 0.096219 2.362141 0.008496 0.984999 0.172351 97.270012 -0.099157 -0.170678 0.980325 19.319881 0.000000 0.000000 0.000000 1.000000
0.999350 -0.034954 -0.008767 3.271628 0.035992 0.980271 0.194353 97.544830 0.001800 -0.194543 0.980892 19.796673 0.000000 0.000000 0.000000 1.000000
0.993983 -0.045952 -0.099429 4.301431 0.066089 0.975498 0.209847 97.083252 0.087350 -0.215155 0.972665 20.177332 0.000000 0.000000 0.000000 1.000000
0.982326 -0.056094 -0.178573 5.305521 0.095385 0.970885 0.219736 96.184853 0.161048 -0.232886 0.959077 20.492216 0.000000 0.000000 0.000000 1.000000
0.971448 -0.062883 -0.228770 5.978298 0.116199 0.966776 0.227686 94.759697 0.206852 -0.247768 0.946480 20.660065 0.000000 0.000000 0.000000 1.000000
0.966793 -0.062948 -0.247689 6.204964 0.123459 0.963636 0.236990 93.530708 0.223763 -0.259699 0.939407 20.767700 0.000000 0.000000 0.000000 1.000000
0.970751 -0.056911 -0.233247 6.071259 0.116049 0.961698 0.248334 93.075043 0.210180 -0.268139 0.940173 20.914177 0.000000 0.000000 0.000000 1.000000
0.984123 -0.042969 -0.172207 5.670872 0.088203 0.960363 0.264431 93.574074 0.154018 -0.275422 0.948905 21.087427 0.000000 0.000000 0.000000 1.000000
0.996126 -0.024902 -0.084338 5.141459 0.047616 0.959043 0.279228 94.406723 0.073930 -0.282162 0.956514 21.243643 0.000000 0.000000 0.000000 1.000000
0.999937 -0.006939 0.008820 4.584816 0.004112 0.957797 0.287415 95.242409 -0.010443 -0.287361 0.957765 21.404177 0.000000 0.000000 0.000000 1.000000
0.992495 0.014138 0.121465 3.864485 -0.049014 0.956007 0.289220 95.777069 -0.112033 -0.293003 0.949525 21.628124 0.000000 0.000000 0.000000 1.000000
0.965432 0.038654 0.257771 2.990171 -0.113876 0.952120 0.283726 95.554512 -0.234462 -0.303273 0.923609 22.044628 0.000000 0.000000 0.000000 1.000000
0.925628 0.063207 0.373120 2.546014 -0.176596 0.944163 0.278153 94.715576 -0.334705 -0.323358 0.885106 22.287575 0.000000 0.000000 0.000000 1.000000
0.873508 0.082617 0.479747 2.185442 -0.232483 0.936648 0.261997 93.763725 -0.427709 -0.340390 0.837377 22.494537 0.000000 0.000000 0.000000 1.000000
0.812031 0.097332 0.575440 1.871743 -0.278520 0.931099 0.235544 92.854416 -0.512866 -0.351541 0.783191 22.646463 0.000000 0.000000 0.000000 1.000000
0.770217 0.110130 0.628202 2.024356 -0.311840 0.924240 0.220308 92.541435 -0.556347 -0.365583 0.746208 22.221468 0.000000 0.000000 0.000000 1.000000
0.744031 0.120235 0.657237 2.254530 -0.336135 0.917486 0.212680 92.713165 -0.577434 -0.379161 0.723053 21.733561 0.000000 0.000000 0.000000 1.000000
0.744049 0.127314 0.655883 2.489153 -0.347277 0.912343 0.216863 93.170799 -0.570780 -0.389130 0.723040 21.403845 0.000000 0.000000 0.000000 1.000000
0.762803 0.130917 0.633240 2.734668 -0.346544 0.909549 0.229407 93.762672 -0.545930 -0.394438 0.739175 21.187237 0.000000 0.000000 0.000000 1.000000
0.803946 0.125824 0.581240 3.045203 -0.324972 0.911483 0.252173 94.577736 -0.498061 -0.391620 0.773672 21.034090 0.000000 0.000000 0.000000 1.000000
0.850654 0.114776 0.513044 3.397962 -0.290876 0.915651 0.277441 95.456268 -0.437926 -0.385239 0.812288 20.847141 0.000000 0.000000 0.000000 1.000000
0.901670 0.094939 0.421875 3.755742 -0.242141 0.919155 0.310679 95.880081 -0.358273 -0.382283 0.851763 20.572378 0.000000 0.000000 0.000000 1.000000
0.943652 0.072295 0.322946 4.113178 -0.185410 0.923808 0.334965 96.227074 -0.274124 -0.375968 0.885158 20.291000 0.000000 0.000000 0.000000 1.000000
0.975570 0.043740 0.215290 4.496181 -0.119373 0.928224 0.352349 96.154427 -0.184425 -0.369441 0.910769 19.999821 0.000000 0.000000 0.000000 1.000000
0.994215 0.011503 0.106790 5.057191 -0.049888 0.929949 0.364289 95.375610 -0.095119 -0.367509 0.925143 19.648798 0.000000 0.000000 0.000000 1.000000
0.999699 -0.013791 0.020315 5.731133 0.005286 0.928850 0.370419 94.232666 -0.023978 -0.370200 0.928643 19.291388 0.000000 0.000000 0.000000 1.000000
0.998177 -0.033288 -0.050347 6.422034 0.049732 0.926275 0.373553 92.917366 0.034201 -0.375376 0.926241 18.955532 0.000000 0.000000 0.000000 1.000000
0.995321 -0.044649 -0.085685 6.810146 0.073596 0.924936 0.372931 92.410744 0.062602 -0.377493 0.923894 18.759159 0.000000 0.000000 0.000000 1.000000
0.994377 -0.050064 -0.093319 6.949675 0.081491 0.924504 0.372358 92.541443 0.067632 -0.377869 0.923385 18.678198 0.000000 0.000000 0.000000 1.000000
